Variable_Level Variable_Size Variable_Capacity Contribution_0 Contribution_1 Mutability_0 Mutability_1 Mutability_2 Capacity_1 Capacity_2
2 2 1 1.000 0.000 0.300 0.000 0.000 10.000 1.000
2 2 1 1.000 0.000 0.100 0.000 0.000 10.000 1.000
2 2 1 1.000 0.000 0.000 0.000 0.000 10.000 1.000
2 2 1 1.000 0.000 0.100 0.000 0.000 10.000 1.000
2 2 1 1.000 0.000 0.000 0.000 0.000 10.000 1.000
2 2 1 1.000 0.000 0.200 0.000 0.000 10.000 1.000
2 2 1 0.999 0.001 6.990 0.000 0.000 10.000 1.000
2 2 1 1.000 0.000 0.700 0.000 0.000 10.000 1.000
2 2 1 1.000 0.000 1.800 0.000 0.000 10.000 1.000
2 2 1 1.000 0.000 0.000 0.000 0.000 10.000 1.000
2 2 1 1.000 0.000 1.300 0.000 0.000 10.000 1.000
2 2 1 1.000 0.000 1.200 0.000 0.000 10.000 1.000
2 2 1 1.000 0.000 0.200 0.000 0.000 10.000 1.000
2 2 1 1.000 0.000 3.200 0.000 0.000 10.000 1.000
2 2 1 1.000 0.000 1.500 0.000 0.000 10.000 1.000
2 2 1 1.000 0.000 0.100 0.000 0.000 10.000 1.000
2 2 1 1.000 0.000 0.700 0.000 0.000 10.000 1.000
2 2 1 1.000 0.000 0.000 0.000 0.000 10.000 1.000
2 2 1 1.000 0.000 0.100 0.000 0.000 10.000 1.000
2 2 1 0.999 0.001 8.370 0.000 0.000 10.000 1.000
2 2 1 1.000 0.000 0.900 0.000 0.000 10.000 1.000
2 2 1 1.000 0.000 0.890 0.000 0.000 10.000 1.000
2 2 1 1.000 0.000 0.000 0.000 0.000 10.000 1.000
2 2 1 1.000 0.000 0.000 0.000 0.000 10.000 1.000
2 2 1 1.000 0.000 0.310 0.000 0.000 10.000 1.000
2 2 1 1.000 0.000 3.500 0.000 0.000 10.000 1.000
2 2 1 1.000 0.000 0.910 0.000 0.000 10.000 1.000
2 2 1 1.000 0.000 0.300 0.000 0.000 10.000 1.000
2 2 1 1.000 0.000 0.000 0.000 0.000 10.000 1.000
2 2 1 1.000 0.000 1.810 0.000 0.000 10.000 1.000
2 2 1 1.000 0.000 1.410 0.000 0.000 10.000 1.000
2 2 1 1.000 0.000 0.400 0.000 0.000 10.000 1.000
2 2 1 1.000 0.000 3.090 0.000 0.000 10.000 1.000
2 2 1 1.000 0.000 3.300 0.000 0.000 10.000 1.000
2 2 1 1.000 0.000 0.000 0.000 0.000 10.000 1.000
2 2 1 1.000 0.000 2.500 0.000 0.000 10.000 1.000
2 2 1 1.000 0.000 1.110 0.000 0.000 10.000 1.000
2 2 1 1.000 0.000 0.000 0.000 0.000 10.000 1.000
2 2 1 1.000 0.000 2.700 0.000 0.000 10.000 1.000
2 2 1 1.000 0.000 0.000 0.000 0.000 10.000 1.000
2 2 1 1.000 0.000 0.300 0.000 0.000 10.000 1.000
2 2 1 1.000 0.000 0.000 0.000 0.000 10.000 1.000
2 2 1 1.000 0.000 0.200 0.000 0.000 10.000 1.000
2 2 1 1.000 0.000 0.710 0.000 0.000 10.000 1.000
2 2 1 1.000 0.000 0.300 0.000 0.000 10.000 1.000
2 2 1 0.999 0.001 6.920 0.000 0.000 10.000 1.000
2 2 1 1.000 0.000 2.980 0.000 0.000 10.000 1.000
2 2 1 0.999 0.001 6.270 0.000 0.000 10.000 1.000
2 2 1 0.999 0.001 6.520 0.000 0.000 10.000 1.000
2 2 1 1.000 0.000 0.100 0.000 0.000 10.000 1.000
2 2 1 1.000 0.000 1.700 0.000 0.000 10.000 1.000
2 2 1 1.000 0.000 0.000 0.000 0.000 10.000 1.000
2 2 1 1.000 0.000 0.000 0.000 0.000 10.000 1.000
2 2 1 1.000 0.000 0.000 0.000 0.000 10.000 1.000
2 2 1 0.999 0.001 3.480 0.000 0.000 10.000 1.000
2 2 1 1.000 0.000 0.300 0.000 0.000 10.000 1.000
2 2 1 1.000 0.000 0.000 0.000 0.000 10.000 1.000
2 2 1 0.999 0.001 5.360 0.000 0.000 10.000 1.000
2 2 1 1.000 0.000 0.300 0.000 0.000 10.000 1.000
2 2 1 1.000 0.000 0.880 0.000 0.000 10.000 1.000
2 2 1 1.000 0.000 0.800 0.000 0.000 10.000 1.000
2 2 1 1.000 0.000 3.780 0.000 0.000 10.000 1.000
2 2 1 1.000 0.000 1.110 0.000 0.000 10.000 1.000
2 2 1 1.000 0.000 1.010 0.000 0.000 10.000 1.000
2 2 1 1.000 0.000 0.000 0.000 0.000 10.000 1.000
2 2 1 1.000 0.000 0.820 0.000 0.000 10.000 1.000
2 2 1 1.000 0.000 2.190 0.000 0.000 10.000 1.000
2 2 1 0.999 0.001 4.310 0.000 0.000 10.000 1.000
2 2 1 1.000 0.000 0.000 0.000 0.000 10.000 1.000
2 2 1 0.999 0.001 8.400 0.000 0.000 10.000 1.000
2 2 1 1.000 0.000 0.710 0.000 0.000 10.000 1.000
2 2 1 1.000 0.000 0.000 0.000 0.000 10.000 1.000
2 2 1 1.000 0.000 0.000 0.000 0.000 10.000 1.000
2 2 1 1.000 0.000 0.000 0.000 0.000 10.000 1.000
2 2 1 1.000 0.000 0.200 0.000 0.000 10.000 1.000
2 2 1 1.000 0.000 1.500 0.000 0.000 10.000 1.000
2 2 1 1.000 0.000 0.000 0.000 0.000 10.000 1.000
2 2 1 1.000 0.000 0.700 0.000 0.000 10.000 1.000
2 2 1 1.000 0.000 0.000 0.000 0.000 10.000 1.000
2 2 1 1.000 0.000 5.090 0.000 0.000 10.000 1.000
2 2 1 1.000 0.000 0.310 0.000 0.000 10.000 1.000
2 2 1 1.000 0.000 0.300 0.000 0.000 10.000 1.000
2 2 1 1.000 0.000 0.100 0.000 0.000 10.000 1.000
2 2 1 1.000 0.000 0.200 0.000 0.000 10.000 1.000
2 2 1 1.000 0.000 0.100 0.000 0.000 10.000 1.000
2 2 1 1.000 0.000 0.500 0.000 0.000 10.000 1.000
2 2 1 1.000 0.000 0.200 0.000 0.000 10.000 1.000
2 2 1 1.000 0.000 0.000 0.000 0.000 10.000 1.000
2 2 1 1.000 0.000 0.000 0.000 0.000 10.000 1.000
2 2 1 1.000 0.000 0.000 0.000 0.000 10.000 1.000
2 2 1 1.000 0.000 0.100 0.000 0.000 10.000 1.000
2 2 1 1.000 0.000 1.130 0.000 0.000 10.000 1.000
2 2 1 0.999 0.001 5.170 0.000 0.000 10.000 1.000
2 2 1 1.000 0.000 0.000 0.000 0.000 10.000 1.000
2 2 1 1.000 0.000 0.000 0.000 0.000 10.000 1.000
2 2 1 1.000 0.000 2.480 0.000 0.000 10.000 1.000
2 2 1 1.000 0.000 0.000 0.000 0.000 10.000 1.000
2 2 1 0.999 0.001 9.620 0.000 0.000 10.000 1.000
2 2 1 1.000 0.000 4.510 0.000 0.000 10.000 1.000
2 2 1 1.000 0.000 0.000 0.000 0.000 10.000 1.000
2 4 2 0.999 0.001 3.100 0.000 0.000 10.000 2.000
2 4 2 0.998 0.002 9.450 0.000 0.000 10.000 2.000
2 4 2 0.996 0.004 18.830 0.000 0.000 10.000 2.000
2 4 2 0.991 0.009 33.160 0.000 0.000 10.000 2.000
2 4 2 1.000 0.000 1.600 0.000 0.000 10.000 2.000
2 4 2 1.000 0.000 1.470 0.000 0.000 10.000 2.000
2 4 2 1.000 0.000 2.910 0.000 0.000 10.000 2.000
2 4 2 0.998 0.002 10.220 0.000 0.000 10.000 2.000
2 4 2 0.999 0.001 7.540 0.000 0.000 10.000 2.000
2 4 2 0.999 0.001 9.290 0.000 0.000 10.000 2.000
2 4 2 0.994 0.006 32.540 0.000 0.000 10.000 2.000
2 4 2 0.998 0.002 14.790 0.000 0.000 10.000 2.000
2 4 2 0.997 0.003 20.640 0.000 0.000 10.000 2.000
2 4 2 0.928 0.050 15.460 0.000 0.000 10.000 2.000
2 4 2 0.997 0.003 19.340 0.000 0.000 10.000 2.000
2 4 2 0.998 0.002 10.150 0.000 0.000 10.000 2.000
2 4 2 0.998 0.002 10.590 0.000 0.000 10.000 2.000
2 4 2 0.988 0.012 31.680 0.000 0.000 10.000 2.000
2 4 2 1.000 0.000 1.400 0.000 0.000 10.000 2.000
2 4 2 0.997 0.003 12.800 0.000 0.000 10.000 2.000
2 4 2 0.992 0.008 15.750 0.000 0.000 10.000 2.000
2 4 2 0.997 0.003 10.530 0.000 0.000 10.000 2.000
2 4 2 0.998 0.002 12.750 0.000 0.000 10.000 2.000
2 4 2 1.000 0.000 0.300 0.000 0.000 10.000 2.000
2 4 2 0.992 0.008 29.060 0.000 0.000 10.000 2.000
2 4 2 0.999 0.001 10.570 0.000 0.000 10.000 2.000
2 4 2 1.000 0.000 0.600 0.000 0.000 10.000 2.000
2 4 2 0.997 0.003 23.420 0.000 0.000 10.000 2.000
2 4 2 0.999 0.001 5.830 0.000 0.000 10.000 2.000
2 4 2 0.996 0.004 33.460 0.000 0.000 10.000 2.000
2 4 2 0.999 0.001 7.030 0.000 0.000 10.000 2.000
2 4 2 0.994 0.006 22.050 0.000 0.000 10.000 2.000
2 4 2 0.998 0.002 20.140 0.000 0.000 10.000 2.000
2 4 2 0.999 0.001 6.630 0.000 0.000 10.000 2.000
2 4 2 1.000 0.000 4.410 0.000 0.000 10.000 2.000
2 4 2 0.999 0.001 5.370 0.000 0.000 10.000 2.000
2 4 2 0.997 0.003 18.490 0.000 0.000 10.000 2.000
2 4 2 0.987 0.013 34.360 0.000 0.000 10.000 2.000
2 4 2 1.000 0.000 0.710 0.000 0.000 10.000 2.000
2 4 2 0.999 0.001 3.460 0.000 0.000 10.000 2.000
2 4 2 0.998 0.002 11.830 0.000 0.000 10.000 2.000
2 4 2 0.998 0.002 15.370 0.000 0.000 10.000 2.000
2 4 2 0.998 0.002 12.400 0.000 0.000 10.000 2.000
2 4 2 0.999 0.001 10.850 0.000 0.000 10.000 2.000
2 4 2 0.999 0.001 8.030 0.000 0.000 10.000 2.000
2 4 2 0.997 0.003 17.320 0.000 0.000 10.000 2.000
2 4 2 0.999 0.001 7.470 0.000 0.000 10.000 2.000
2 4 2 0.994 0.006 18.600 0.000 0.000 10.000 2.000
2 4 2 0.998 0.002 11.290 0.000 0.000 10.000 2.000
2 4 2 0.995 0.005 20.730 0.000 0.000 10.000 2.000
2 4 2 0.994 0.006 38.150 0.000 0.000 10.000 2.000
2 4 2 0.999 0.001 8.920 0.000 0.000 10.000 2.000
2 4 2 0.991 0.009 30.600 0.000 0.000 10.000 2.000
2 4 2 0.999 0.001 5.990 0.000 0.000 10.000 2.000
2 4 2 0.999 0.001 5.390 0.000 0.000 10.000 2.000
2 4 2 0.999 0.001 13.540 0.000 0.000 10.000 2.000
2 4 2 0.995 0.005 27.060 0.000 0.000 10.000 2.000
2 4 2 0.996 0.004 30.490 0.000 0.000 10.000 2.000
2 4 2 0.998 0.002 20.420 0.000 0.000 10.000 2.000
2 4 2 0.997 0.003 21.430 0.000 0.000 10.000 2.000
2 4 2 0.999 0.001 6.070 0.000 0.000 10.000 2.000
2 4 2 0.999 0.001 8.870 0.000 0.000 10.000 2.000
2 4 2 0.999 0.001 5.370 0.000 0.000 10.000 2.000
2 4 2 0.996 0.004 15.550 0.000 0.000 10.000 2.000
2 4 2 1.000 0.000 0.100 0.000 0.000 10.000 2.000
2 4 2 0.999 0.001 7.720 0.000 0.000 10.000 2.000
2 4 2 0.994 0.006 22.700 0.000 0.000 10.000 2.000
2 4 2 0.999 0.001 8.170 0.000 0.000 10.000 2.000
2 4 2 0.999 0.001 8.560 0.000 0.000 10.000 2.000
2 4 2 0.998 0.002 18.890 0.000 0.000 10.000 2.000
2 4 2 0.999 0.001 13.360 0.000 0.000 10.000 2.000
2 4 2 0.996 0.004 34.640 0.000 0.000 10.000 2.000
2 4 2 0.996 0.004 25.370 0.000 0.000 10.000 2.000
2 4 2 0.996 0.004 20.300 0.000 0.000 10.000 2.000
2 4 2 0.991 0.009 36.320 0.000 0.000 10.000 2.000
2 4 2 0.997 0.003 17.200 0.000 0.000 10.000 2.000
2 4 2 0.894 0.093 22.310 0.000 0.000 10.000 2.000
2 4 2 0.997 0.003 17.960 0.000 0.000 10.000 2.000
2 4 2 0.998 0.002 10.790 0.000 0.000 10.000 2.000
2 4 2 0.995 0.005 30.330 0.000 0.000 10.000 2.000
2 4 2 0.992 0.008 41.400 0.000 0.000 10.000 2.000
2 4 2 0.999 0.001 10.500 0.000 0.000 10.000 2.000
2 4 2 0.994 0.006 19.700 0.000 0.000 10.000 2.000
2 4 2 0.998 0.002 20.940 0.000 0.000 10.000 2.000
2 4 2 0.997 0.003 27.300 0.000 0.000 10.000 2.000
2 4 2 0.995 0.005 39.030 0.000 0.000 10.000 2.000
2 4 2 0.997 0.003 25.570 0.000 0.000 10.000 2.000
2 4 2 1.000 0.000 0.000 0.000 0.000 10.000 2.000
2 4 2 1.000 0.000 3.690 0.000 0.000 10.000 2.000
2 4 2 0.999 0.001 9.410 0.000 0.000 10.000 2.000
2 4 2 0.998 0.002 15.490 0.000 0.000 10.000 2.000
2 4 2 0.939 0.051 13.200 0.000 0.000 10.000 2.000
2 4 2 0.997 0.003 13.490 0.000 0.000 10.000 2.000
2 4 2 1.000 0.000 2.230 0.000 0.000 10.000 2.000
2 4 2 0.998 0.002 12.870 0.000 0.000 10.000 2.000
2 4 2 0.998 0.002 11.290 0.000 0.000 10.000 2.000
2 4 2 0.999 0.001 12.860 0.000 0.000 10.000 2.000
2 4 2 0.999 0.001 6.180 0.000 0.000 10.000 2.000
2 4 2 1.000 0.000 0.900 0.000 0.000 10.000 2.000
2 4 2 0.998 0.002 11.930 0.000 0.000 10.000 2.000
2 6 3 0.854 0.120 29.260 0.000 0.000 10.000 3.000
2 6 3 0.809 0.148 33.610 0.000 0.000 10.000 3.000
2 6 3 0.899 0.087 32.970 0.000 0.000 10.000 3.000
2 6 3 0.869 0.109 37.660 0.000 0.000 10.000 3.000
2 6 3 0.987 0.013 40.230 0.000 0.000 10.000 3.000
2 6 3 0.892 0.065 14.020 0.000 0.000 10.000 3.000
2 6 3 0.988 0.012 30.740 0.000 0.000 10.000 3.000
2 6 3 0.983 0.017 18.760 0.000 0.000 10.000 3.000
2 6 3 0.902 0.076 28.090 0.000 0.000 10.000 3.000
2 6 3 0.853 0.121 31.480 0.000 0.000 10.000 3.000
2 6 3 0.924 0.055 13.590 0.000 0.000 10.000 3.000
2 6 3 0.886 0.086 25.990 0.000 0.000 10.000 3.000
2 6 3 0.870 0.084 22.270 0.000 0.000 10.000 3.000
2 6 3 0.945 0.050 15.970 0.000 0.000 10.000 3.000
2 6 3 0.980 0.020 33.490 0.000 0.000 10.000 3.000
2 6 3 0.926 0.067 23.330 0.000 0.000 10.000 3.000
2 6 3 0.919 0.061 17.560 0.000 0.000 10.000 3.000
2 6 3 0.916 0.059 12.560 0.000 0.000 10.000 3.000
2 6 3 0.928 0.053 24.020 0.000 0.000 10.000 3.000
2 6 3 0.907 0.079 28.780 0.000 0.000 10.000 3.000
2 6 3 0.839 0.116 27.250 0.000 0.000 10.000 3.000
2 6 3 0.997 0.003 11.650 0.000 0.000 10.000 3.000
2 6 3 0.951 0.044 19.930 0.000 0.000 10.000 3.000
2 6 3 0.928 0.042 9.910 0.000 0.000 10.000 3.000
2 6 3 0.968 0.032 22.100 0.000 0.000 10.000 3.000
2 6 3 0.905 0.059 11.320 0.000 0.000 10.000 3.000
2 6 3 0.871 0.094 28.210 0.000 0.000 10.000 3.000
2 6 3 0.995 0.005 25.800 0.000 0.000 10.000 3.000
2 6 3 0.755 0.185 44.480 0.000 0.000 10.000 3.000
2 6 3 0.854 0.131 41.810 0.000 0.000 10.000 3.000
2 6 3 0.891 0.089 21.220 0.000 0.000 10.000 3.000
2 6 3 0.825 0.144 35.750 0.000 0.000 10.000 3.000
2 6 3 0.819 0.121 24.200 0.000 0.000 10.000 3.000
2 6 3 0.882 0.103 27.610 0.000 0.000 10.000 3.000
2 6 3 0.904 0.072 20.740 0.000 0.000 10.000 3.000
2 6 3 0.872 0.086 20.520 0.000 0.000 10.000 3.000
2 6 3 0.932 0.042 9.900 0.000 0.000 10.000 3.000
2 6 3 0.971 0.029 32.640 0.000 0.000 10.000 3.000
2 6 3 0.997 0.003 13.310 0.000 0.000 10.000 3.000
2 6 3 0.909 0.074 19.950 0.000 0.000 10.000 3.000
2 6 3 0.832 0.118 34.380 0.000 0.000 10.000 3.000
2 6 3 0.907 0.079 26.190 0.000 0.000 10.000 3.000
2 6 3 0.879 0.098 28.590 0.000 0.000 10.000 3.000
2 6 3 0.882 0.096 32.230 0.000 0.000 10.000 3.000
2 6 3 0.937 0.054 20.430 0.000 0.000 10.000 3.000
2 6 3 0.821 0.128 26.850 0.000 0.000 10.000 3.000
2 6 3 0.981 0.011 3.930 0.000 0.000 10.000 3.000
2 6 3 0.819 0.159 41.880 0.000 0.000 10.000 3.000
2 6 3 0.921 0.058 15.710 0.000 0.000 10.000 3.000
2 6 3 0.905 0.067 16.130 0.000 0.000 10.000 3.000
2 6 3 0.812 0.140 31.080 0.000 0.000 10.000 3.000
2 6 3 0.846 0.132 48.430 0.000 0.000 10.000 3.000
2 6 3 0.909 0.069 24.680 0.000 0.000 10.000 3.000
2 6 3 0.820 0.145 32.620 0.000 0.000 10.000 3.000
2 6 3 0.871 0.114 38.570 0.000 0.000 10.000 3.000
2 6 3 0.889 0.085 27.260 0.000 0.000 10.000 3.000
2 6 3 0.910 0.058 14.680 0.000 0.000 10.000 3.000
2 6 3 0.875 0.105 35.750 0.000 0.000 10.000 3.000
2 6 3 0.826 0.127 37.810 0.000 0.000 10.000 3.000
2 6 3 0.914 0.056 18.000 0.000 0.000 10.000 3.000
2 6 3 0.828 0.137 34.140 0.000 0.000 10.000 3.000
2 6 3 0.904 0.087 27.970 0.000 0.000 10.000 3.000
2 6 3 0.860 0.107 25.360 0.000 0.000 10.000 3.000
2 6 3 0.848 0.107 34.650 0.000 0.000 10.000 3.000
2 6 3 0.829 0.121 28.420 0.000 0.000 10.000 3.000
2 6 3 0.887 0.094 26.530 0.000 0.000 10.000 3.000
2 6 3 0.974 0.026 30.170 0.000 0.000 10.000 3.000
2 6 3 0.922 0.054 14.700 0.000 0.000 10.000 3.000
2 6 3 0.984 0.016 43.160 0.000 0.000 10.000 3.000
2 6 3 0.939 0.048 21.720 0.000 0.000 10.000 3.000
2 6 3 0.991 0.009 7.530 0.000 0.000 10.000 3.000
2 6 3 0.871 0.091 20.130 0.000 0.000 10.000 3.000
2 6 3 0.902 0.081 25.740 0.000 0.000 10.000 3.000
2 6 3 0.993 0.007 28.810 0.000 0.000 10.000 3.000
2 6 3 0.887 0.100 33.080 0.000 0.000 10.000 3.000
2 6 3 0.942 0.047 16.140 0.000 0.000 10.000 3.000
2 6 3 0.948 0.042 13.520 0.000 0.000 10.000 3.000
2 6 3 0.898 0.085 21.230 0.000 0.000 10.000 3.000
2 6 3 0.994 0.006 26.720 0.000 0.000 10.000 3.000
2 6 3 0.877 0.101 25.550 0.000 0.000 10.000 3.000
2 6 3 0.918 0.067 34.910 0.000 0.000 10.000 3.000
2 6 3 0.829 0.092 29.100 0.000 0.000 10.000 3.000
2 6 3 0.794 0.166 46.670 0.000 0.000 10.000 3.000
2 6 3 0.965 0.035 22.800 0.000 0.000 10.000 3.000
2 6 3 0.873 0.115 41.390 0.000 0.000 10.000 3.000
2 6 3 0.903 0.084 29.310 0.000 0.000 10.000 3.000
2 6 3 0.786 0.163 37.860 0.000 0.000 10.000 3.000
2 6 3 0.856 0.119 25.910 0.000 0.000 10.000 3.000
2 6 3 0.871 0.105 21.390 0.000 0.000 10.000 3.000
2 6 3 0.849 0.112 27.870 0.000 0.000 10.000 3.000
2 6 3 0.907 0.066 15.310 0.000 0.000 10.000 3.000
2 6 3 0.820 0.126 31.600 0.000 0.000 10.000 3.000
2 6 3 0.848 0.127 46.920 0.000 0.000 10.000 3.000
2 6 3 0.836 0.154 48.500 0.000 0.000 10.000 3.000
2 6 3 0.918 0.080 34.730 0.000 0.000 10.000 3.000
2 6 3 0.933 0.059 20.690 0.000 0.000 10.000 3.000
2 6 3 0.845 0.112 27.580 0.000 0.000 10.000 3.000
2 6 3 0.871 0.081 20.020 0.000 0.000 10.000 3.000
2 6 3 0.964 0.034 15.600 0.000 0.000 10.000 3.000
2 6 3 0.923 0.063 23.460 0.000 0.000 10.000 3.000
2 8 4 0.929 0.049 14.360 0.000 0.000 10.000 4.000
2 8 4 0.877 0.101 29.270 0.000 0.000 10.000 4.000
2 8 4 0.895 0.102 43.140 0.000 0.000 10.000 4.000
2 8 4 0.884 0.092 27.180 0.000 0.000 10.000 4.000
2 8 4 0.881 0.100 24.570 0.000 0.000 10.000 4.000
2 8 4 0.910 0.070 21.530 0.000 0.000 10.000 4.000
2 8 4 0.843 0.107 27.880 0.000 0.000 10.000 4.000
2 8 4 0.824 0.151 41.590 0.000 0.000 10.000 4.000
2 8 4 0.844 0.116 29.590 0.000 0.000 10.000 4.000
2 8 4 0.829 0.136 34.700 0.000 0.000 10.000 4.000
2 8 4 0.869 0.109 28.170 0.000 0.000 10.000 4.000
2 8 4 0.813 0.146 35.750 0.000 0.000 10.000 4.000
2 8 4 0.856 0.117 33.990 0.000 0.000 10.000 4.000
2 8 4 0.901 0.075 18.890 0.000 0.000 10.000 4.000
2 8 4 0.844 0.133 40.890 0.000 0.000 10.000 4.000
2 8 4 0.847 0.113 29.500 0.000 0.000 10.000 4.000
2 8 4 0.837 0.114 25.400 0.000 0.000 10.000 4.000
2 8 4 0.824 0.157 42.780 0.000 0.000 10.000 4.000
2 8 4 0.931 0.047 13.320 0.000 0.000 10.000 4.000
2 8 4 0.899 0.058 16.590 0.000 0.000 10.000 4.000
2 8 4 0.872 0.104 32.060 0.000 0.000 10.000 4.000
2 8 4 0.813 0.137 32.650 0.000 0.000 10.000 4.000
2 8 4 0.928 0.053 13.610 0.000 0.000 10.000 4.000
2 8 4 0.902 0.064 16.780 0.000 0.000 10.000 4.000
2 8 4 0.865 0.096 26.630 0.000 0.000 10.000 4.000
2 8 4 0.790 0.159 40.060 0.000 0.000 10.000 4.000
2 8 4 0.938 0.047 12.050 0.000 0.000 10.000 4.000
2 8 4 0.826 0.139 35.160 0.000 0.000 10.000 4.000
2 8 4 0.888 0.095 25.390 0.000 0.000 10.000 4.000
2 8 4 0.860 0.107 31.530 0.000 0.000 10.000 4.000
2 8 4 0.863 0.110 33.690 0.000 0.000 10.000 4.000
2 8 4 0.911 0.061 12.010 0.000 0.000 10.000 4.000
2 8 4 0.841 0.106 28.490 0.000 0.000 10.000 4.000
2 8 4 0.893 0.094 31.120 0.000 0.000 10.000 4.000
2 8 4 0.884 0.088 23.790 0.000 0.000 10.000 4.000
2 8 4 0.810 0.136 33.540 0.000 0.000 10.000 4.000
2 8 4 0.886 0.084 24.850 0.000 0.000 10.000 4.000
2 8 4 0.921 0.066 21.630 0.000 0.000 10.000 4.000
2 8 4 0.833 0.118 27.520 0.000 0.000 10.000 4.000
2 8 4 0.954 0.032 10.700 0.000 0.000 10.000 4.000
2 8 4 0.896 0.069 19.210 0.000 0.000 10.000 4.000
2 8 4 0.927 0.057 20.920 0.000 0.000 10.000 4.000
2 8 4 0.898 0.086 23.490 0.000 0.000 10.000 4.000
2 8 4 0.846 0.099 23.290 0.000 0.000 10.000 4.000
2 8 4 0.837 0.106 26.210 0.000 0.000 10.000 4.000
2 8 4 0.904 0.077 21.940 0.000 0.000 10.000 4.000
2 8 4 0.880 0.103 28.250 0.000 0.000 10.000 4.000
2 8 4 0.927 0.063 17.650 0.000 0.000 10.000 4.000
2 8 4 0.935 0.053 16.400 0.000 0.000 10.000 4.000
2 8 4 0.847 0.126 31.250 0.000 0.000 10.000 4.000
2 8 4 0.875 0.094 27.550 0.000 0.000 10.000 4.000
2 8 4 0.880 0.084 18.770 0.000 0.000 10.000 4.000
2 8 4 0.839 0.117 31.270 0.000 0.000 10.000 4.000
2 8 4 0.953 0.040 13.800 0.000 0.000 10.000 4.000
2 8 4 0.822 0.116 28.750 0.000 0.000 10.000 4.000
2 8 4 0.843 0.126 32.830 0.000 0.000 10.000 4.000
2 8 4 0.881 0.087 23.680 0.000 0.000 10.000 4.000
2 8 4 0.898 0.085 23.380 0.000 0.000 10.000 4.000
2 8 4 0.910 0.063 14.510 0.000 0.000 10.000 4.000
2 8 4 0.857 0.099 22.780 0.000 0.000 10.000 4.000
2 8 4 0.914 0.073 24.360 0.000 0.000 10.000 4.000
2 8 4 0.863 0.104 28.810 0.000 0.000 10.000 4.000
2 8 4 0.867 0.093 24.770 0.000 0.000 10.000 4.000
2 8 4 0.881 0.102 33.010 0.000 0.000 10.000 4.000
2 8 4 0.831 0.150 42.700 0.000 0.000 10.000 4.000
2 8 4 0.943 0.039 10.110 0.000 0.000 10.000 4.000
2 8 4 0.872 0.103 27.900 0.000 0.000 10.000 4.000
2 8 4 0.906 0.092 36.170 0.000 0.000 10.000 4.000
2 8 4 0.911 0.083 25.130 0.000 0.000 10.000 4.000
2 8 4 0.959 0.025 11.010 0.000 0.000 10.000 4.000
2 8 4 0.832 0.120 27.290 0.000 0.000 10.000 4.000
2 8 4 0.889 0.094 24.010 0.000 0.000 10.000 4.000
2 8 4 0.950 0.041 13.800 0.000 0.000 10.000 4.000
2 8 4 0.939 0.037 17.040 0.000 0.000 10.000 4.000
2 8 4 0.789 0.164 46.270 0.000 0.000 10.000 4.000
2 8 4 0.812 0.152 43.240 0.000 0.000 10.000 4.000
2 8 4 0.848 0.107 27.570 0.000 0.000 10.000 4.000
2 8 4 0.934 0.049 13.000 0.000 0.000 10.000 4.000
2 8 4 0.871 0.097 22.250 0.000 0.000 10.000 4.000
2 8 4 0.918 0.065 21.280 0.000 0.000 10.000 4.000
2 8 4 0.910 0.080 24.830 0.000 0.000 10.000 4.000
2 8 4 0.858 0.098 21.050 0.000 0.000 10.000 4.000
2 8 4 0.807 0.123 27.110 0.000 0.000 10.000 4.000
2 8 4 0.850 0.088 20.270 0.000 0.000 10.000 4.000
2 8 4 0.937 0.055 18.510 0.000 0.000 10.000 4.000
2 8 4 0.911 0.062 12.510 0.000 0.000 10.000 4.000
2 8 4 0.887 0.083 22.730 0.000 0.000 10.000 4.000
2 8 4 0.881 0.092 23.620 0.000 0.000 10.000 4.000
2 8 4 0.902 0.067 15.850 0.000 0.000 10.000 4.000
2 8 4 0.926 0.046 14.140 0.000 0.000 10.000 4.000
2 8 4 0.894 0.078 20.230 0.000 0.000 10.000 4.000
2 8 4 0.919 0.058 16.540 0.000 0.000 10.000 4.000
2 8 4 0.849 0.115 27.830 0.000 0.000 10.000 4.000
2 8 4 0.906 0.081 29.310 0.000 0.000 10.000 4.000
2 8 4 0.885 0.073 19.180 0.000 0.000 10.000 4.000
2 8 4 0.910 0.072 20.780 0.000 0.000 10.000 4.000
2 8 4 0.920 0.050 11.770 0.000 0.000 10.000 4.000
2 8 4 0.884 0.089 27.390 0.000 0.000 10.000 4.000
2 8 4 0.856 0.111 29.080 0.000 0.000 10.000 4.000
2 8 4 0.872 0.111 30.060 0.000 0.000 10.000 4.000
2 10 5 0.850 0.114 25.480 0.000 0.000 10.000 5.000
2 10 5 0.938 0.042 11.920 0.000 0.000 10.000 5.000
2 10 5 0.845 0.119 29.990 0.000 0.000 10.000 5.000
2 10 5 0.903 0.069 16.270 0.000 0.000 10.000 5.000
2 10 5 0.906 0.078 21.360 0.000 0.000 10.000 5.000
2 10 5 0.818 0.121 29.980 0.000 0.000 10.000 5.000
2 10 5 0.846 0.124 31.700 0.000 0.000 10.000 5.000
2 10 5 0.907 0.060 17.250 0.000 0.000 10.000 5.000
2 10 5 0.904 0.075 20.810 0.000 0.000 10.000 5.000
2 10 5 0.884 0.086 21.550 0.000 0.000 10.000 5.000
2 10 5 0.818 0.145 39.470 0.000 0.000 10.000 5.000
2 10 5 0.914 0.067 21.890 0.000 0.000 10.000 5.000
2 10 5 0.861 0.098 26.430 0.000 0.000 10.000 5.000
2 10 5 0.807 0.144 32.930 0.000 0.000 10.000 5.000
2 10 5 0.878 0.084 21.850 0.000 0.000 10.000 5.000
2 10 5 0.911 0.070 29.880 0.000 0.000 10.000 5.000
2 10 5 0.905 0.068 14.950 0.000 0.000 10.000 5.000
2 10 5 0.822 0.129 29.220 0.000 0.000 10.000 5.000
2 10 5 0.907 0.063 15.040 0.000 0.000 10.000 5.000
2 10 5 0.842 0.113 26.700 0.000 0.000 10.000 5.000
2 10 5 0.810 0.158 39.640 0.000 0.000 10.000 5.000
2 10 5 0.851 0.107 33.900 0.000 0.000 10.000 5.000
2 10 5 0.874 0.082 24.530 0.000 0.000 10.000 5.000
2 10 5 0.803 0.163 43.810 0.000 0.000 10.000 5.000
2 10 5 0.883 0.106 31.550 0.000 0.000 10.000 5.000
2 10 5 0.881 0.084 20.730 0.000 0.000 10.000 5.000
2 10 5 0.815 0.128 29.800 0.000 0.000 10.000 5.000
2 10 5 0.871 0.104 33.620 0.000 0.000 10.000 5.000
2 10 5 0.871 0.106 32.410 0.000 0.000 10.000 5.000
2 10 5 0.871 0.087 22.280 0.000 0.000 10.000 5.000
2 10 5 0.830 0.114 25.800 0.000 0.000 10.000 5.000
2 10 5 0.846 0.122 37.220 0.000 0.000 10.000 5.000
2 10 5 0.942 0.048 18.580 0.000 0.000 10.000 5.000
2 10 5 0.875 0.099 25.840 0.000 0.000 10.000 5.000
2 10 5 0.942 0.053 22.640 0.000 0.000 10.000 5.000
2 10 5 0.767 0.186 43.340 0.000 0.000 10.000 5.000
2 10 5 0.852 0.123 34.410 0.000 0.000 10.000 5.000
2 10 5 0.841 0.122 31.110 0.000 0.000 10.000 5.000
2 10 5 0.865 0.090 24.560 0.000 0.000 10.000 5.000
2 10 5 0.870 0.103 25.400 0.000 0.000 10.000 5.000
2 10 5 0.891 0.096 31.050 0.000 0.000 10.000 5.000
2 10 5 0.871 0.087 22.360 0.000 0.000 10.000 5.000
2 10 5 0.806 0.136 30.960 0.000 0.000 10.000 5.000
2 10 5 0.865 0.105 27.440 0.000 0.000 10.000 5.000
2 10 5 0.882 0.099 32.650 0.000 0.000 10.000 5.000
2 10 5 0.855 0.105 31.860 0.000 0.000 10.000 5.000
2 10 5 0.912 0.075 26.540 0.000 0.000 10.000 5.000
2 10 5 0.798 0.149 36.370 0.000 0.000 10.000 5.000
2 10 5 0.867 0.112 39.570 0.000 0.000 10.000 5.000
2 10 5 0.887 0.080 19.650 0.000 0.000 10.000 5.000
2 10 5 0.793 0.162 43.220 0.000 0.000 10.000 5.000
2 10 5 0.866 0.090 20.580 0.000 0.000 10.000 5.000
2 10 5 0.872 0.091 22.950 0.000 0.000 10.000 5.000
2 10 5 0.880 0.080 20.670 0.000 0.000 10.000 5.000
2 10 5 0.829 0.125 33.750 0.000 0.000 10.000 5.000
2 10 5 0.853 0.116 32.400 0.000 0.000 10.000 5.000
2 10 5 0.856 0.106 24.400 0.000 0.000 10.000 5.000
2 10 5 0.846 0.099 19.860 0.000 0.000 10.000 5.000
2 10 5 0.854 0.125 39.880 0.000 0.000 10.000 5.000
2 10 5 0.819 0.126 31.330 0.000 0.000 10.000 5.000
2 10 5 0.883 0.083 23.610 0.000 0.000 10.000 5.000
2 10 5 0.851 0.123 37.190 0.000 0.000 10.000 5.000
2 10 5 0.826 0.129 33.200 0.000 0.000 10.000 5.000
2 10 5 0.789 0.158 37.070 0.000 0.000 10.000 5.000
2 10 5 0.829 0.125 30.610 0.000 0.000 10.000 5.000
2 10 5 0.806 0.166 43.040 0.000 0.000 10.000 5.000
2 10 5 0.824 0.133 33.830 0.000 0.000 10.000 5.000
2 10 5 0.839 0.098 18.500 0.000 0.000 10.000 5.000
2 10 5 0.871 0.121 43.020 0.000 0.000 10.000 5.000
2 10 5 0.807 0.136 31.570 0.000 0.000 10.000 5.000
2 10 5 0.834 0.147 48.170 0.000 0.000 10.000 5.000
2 10 5 0.889 0.080 22.780 0.000 0.000 10.000 5.000
2 10 5 0.816 0.141 36.320 0.000 0.000 10.000 5.000
2 10 5 0.902 0.071 21.020 0.000 0.000 10.000 5.000
2 10 5 0.847 0.116 32.220 0.000 0.000 10.000 5.000
2 10 5 0.843 0.115 28.960 0.000 0.000 10.000 5.000
2 10 5 0.892 0.090 28.530 0.000 0.000 10.000 5.000
2 10 5 0.927 0.053 14.210 0.000 0.000 10.000 5.000
2 10 5 0.913 0.067 20.790 0.000 0.000 10.000 5.000
2 10 5 0.829 0.120 27.090 0.000 0.000 10.000 5.000
2 10 5 0.892 0.089 27.930 0.000 0.000 10.000 5.000
2 10 5 0.872 0.096 22.110 0.000 0.000 10.000 5.000
2 10 5 0.915 0.073 26.790 0.000 0.000 10.000 5.000
2 10 5 0.860 0.088 18.940 0.000 0.000 10.000 5.000
2 10 5 0.876 0.097 28.330 0.000 0.000 10.000 5.000
2 10 5 0.878 0.080 21.990 0.000 0.000 10.000 5.000
2 10 5 0.854 0.108 31.170 0.000 0.000 10.000 5.000
2 10 5 0.847 0.116 31.870 0.000 0.000 10.000 5.000
2 10 5 0.838 0.118 30.270 0.000 0.000 10.000 5.000
2 10 5 0.850 0.126 37.510 0.000 0.000 10.000 5.000
2 10 5 0.924 0.052 19.480 0.000 0.000 10.000 5.000
2 10 5 0.878 0.110 41.790 0.000 0.000 10.000 5.000
2 10 5 0.879 0.088 19.760 0.000 0.000 10.000 5.000
2 10 5 0.877 0.094 29.660 0.000 0.000 10.000 5.000
2 10 5 0.805 0.140 28.470 0.000 0.000 10.000 5.000
2 10 5 0.943 0.045 11.940 0.000 0.000 10.000 5.000
2 10 5 0.800 0.136 30.960 0.000 0.000 10.000 5.000
2 10 5 0.739 0.202 45.710 0.000 0.000 10.000 5.000
2 10 5 0.886 0.076 17.980 0.000 0.000 10.000 5.000
2 10 5 0.922 0.056 15.500 0.000 0.000 10.000 5.000
2 12 6 0.870 0.090 23.610 0.000 0.000 10.000 6.000
2 12 6 0.867 0.100 23.980 0.000 0.000 10.000 6.000
2 12 6 0.842 0.112 29.370 0.000 0.000 10.000 6.000
2 12 6 0.821 0.160 53.180 0.000 0.000 10.000 6.000
2 12 6 0.820 0.156 52.020 0.000 0.000 10.000 6.000
2 12 6 0.881 0.082 22.320 0.000 0.000 10.000 6.000
2 12 6 0.861 0.112 35.750 0.000 0.000 10.000 6.000
2 12 6 0.919 0.059 16.730 0.000 0.000 10.000 6.000
2 12 6 0.873 0.088 22.410 0.000 0.000 10.000 6.000
2 12 6 0.822 0.142 35.630 0.000 0.000 10.000 6.000
2 12 6 0.787 0.150 35.210 0.000 0.000 10.000 6.000
2 12 6 0.790 0.172 41.690 0.000 0.000 10.000 6.000
2 12 6 0.808 0.148 37.950 0.000 0.000 10.000 6.000
2 12 6 0.818 0.123 33.150 0.000 0.000 10.000 6.000
2 12 6 0.774 0.170 34.650 0.000 0.000 10.000 6.000
2 12 6 0.877 0.083 22.820 0.000 0.000 10.000 6.000
2 12 6 0.810 0.120 29.980 0.000 0.000 10.000 6.000
2 12 6 0.883 0.075 21.140 0.000 0.000 10.000 6.000
2 12 6 0.887 0.076 21.090 0.000 0.000 10.000 6.000
2 12 6 0.845 0.111 29.230 0.000 0.000 10.000 6.000
2 12 6 0.782 0.160 40.010 0.000 0.000 10.000 6.000
2 12 6 0.831 0.133 35.560 0.000 0.000 10.000 6.000
2 12 6 0.882 0.105 40.150 0.000 0.000 10.000 6.000
2 12 6 0.878 0.101 28.200 0.000 0.000 10.000 6.000
2 12 6 0.803 0.162 41.550 0.000 0.000 10.000 6.000
2 12 6 0.872 0.090 25.050 0.000 0.000 10.000 6.000
2 12 6 0.802 0.142 37.190 0.000 0.000 10.000 6.000
2 12 6 0.869 0.091 22.300 0.000 0.000 10.000 6.000
2 12 6 0.849 0.126 36.640 0.000 0.000 10.000 6.000
2 12 6 0.876 0.094 24.570 0.000 0.000 10.000 6.000
2 12 6 0.847 0.107 25.190 0.000 0.000 10.000 6.000
2 12 6 0.799 0.161 42.700 0.000 0.000 10.000 6.000
2 12 6 0.830 0.119 30.340 0.000 0.000 10.000 6.000
2 12 6 0.884 0.086 22.210 0.000 0.000 10.000 6.000
2 12 6 0.852 0.116 35.330 0.000 0.000 10.000 6.000
2 12 6 0.826 0.128 30.220 0.000 0.000 10.000 6.000
