Variable_Level Variable_Size Variable_Capacity Contribution_0 Contribution_1 Mutability_0 Mutability_1 Mutability_2 Capacity_1 Capacity_2
2 2 1 1.000 0.000 0.000 0.000 0.000 50.000 1.000
2 2 1 1.000 0.000 0.000 0.000 0.000 50.000 1.000
2 2 1 1.000 0.000 0.020 0.000 0.000 50.000 1.000
2 2 1 1.000 0.000 0.000 0.000 0.000 50.000 1.000
2 2 1 1.000 0.000 0.000 0.000 0.000 50.000 1.000
2 2 1 1.000 0.000 0.000 0.000 0.000 50.000 1.000
2 2 1 1.000 0.000 0.000 0.000 0.000 50.000 1.000
2 2 1 1.000 0.000 0.000 0.000 0.000 50.000 1.000
2 2 1 1.000 0.000 0.000 0.000 0.000 50.000 1.000
2 2 1 1.000 0.000 0.080 0.000 0.000 50.000 1.000
2 2 1 1.000 0.000 0.000 0.000 0.000 50.000 1.000
2 2 1 1.000 0.000 0.000 0.000 0.000 50.000 1.000
2 2 1 1.000 0.000 0.000 0.000 0.000 50.000 1.000
2 2 1 1.000 0.000 0.000 0.000 0.000 50.000 1.000
2 2 1 1.000 0.000 0.000 0.000 0.000 50.000 1.000
2 2 1 1.000 0.000 0.000 0.000 0.000 50.000 1.000
2 2 1 1.000 0.000 0.000 0.000 0.000 50.000 1.000
2 2 1 1.000 0.000 0.000 0.000 0.000 50.000 1.000
2 2 1 1.000 0.000 0.000 0.000 0.000 50.000 1.000
2 2 1 1.000 0.000 0.000 0.000 0.000 50.000 1.000
2 2 1 1.000 0.000 0.000 0.000 0.000 50.000 1.000
2 2 1 1.000 0.000 0.000 0.000 0.000 50.000 1.000
2 2 1 1.000 0.000 0.000 0.000 0.000 50.000 1.000
2 2 1 1.000 0.000 0.000 0.000 0.000 50.000 1.000
2 2 1 1.000 0.000 0.000 0.000 0.000 50.000 1.000
2 2 1 1.000 0.000 0.000 0.000 0.000 50.000 1.000
2 2 1 1.000 0.000 0.000 0.000 0.000 50.000 1.000
2 2 1 1.000 0.000 0.000 0.000 0.000 50.000 1.000
2 2 1 1.000 0.000 0.000 0.000 0.000 50.000 1.000
2 2 1 1.000 0.000 0.000 0.000 0.000 50.000 1.000
2 2 1 1.000 0.000 0.000 0.000 0.000 50.000 1.000
2 2 1 1.000 0.000 0.000 0.000 0.000 50.000 1.000
2 2 1 1.000 0.000 0.000 0.000 0.000 50.000 1.000
2 2 1 1.000 0.000 0.000 0.000 0.000 50.000 1.000
2 2 1 1.000 0.000 0.000 0.000 0.000 50.000 1.000
2 2 1 1.000 0.000 0.000 0.000 0.000 50.000 1.000
2 2 1 1.000 0.000 0.000 0.000 0.000 50.000 1.000
2 2 1 1.000 0.000 0.000 0.000 0.000 50.000 1.000
2 2 1 1.000 0.000 0.000 0.000 0.000 50.000 1.000
2 2 1 1.000 0.000 0.000 0.000 0.000 50.000 1.000
2 2 1 1.000 0.000 0.080 0.000 0.000 50.000 1.000
2 2 1 1.000 0.000 0.000 0.000 0.000 50.000 1.000
2 2 1 1.000 0.000 0.000 0.000 0.000 50.000 1.000
2 2 1 1.000 0.000 0.000 0.000 0.000 50.000 1.000
2 2 1 1.000 0.000 0.000 0.000 0.000 50.000 1.000
2 2 1 1.000 0.000 0.000 0.000 0.000 50.000 1.000
2 2 1 1.000 0.000 0.000 0.000 0.000 50.000 1.000
2 2 1 1.000 0.000 0.000 0.000 0.000 50.000 1.000
2 2 1 1.000 0.000 0.000 0.000 0.000 50.000 1.000
2 2 1 1.000 0.000 0.000 0.000 0.000 50.000 1.000
2 2 1 1.000 0.000 0.000 0.000 0.000 50.000 1.000
2 2 1 1.000 0.000 0.000 0.000 0.000 50.000 1.000
2 2 1 1.000 0.000 0.020 0.000 0.000 50.000 1.000
2 2 1 1.000 0.000 0.000 0.000 0.000 50.000 1.000
2 2 1 1.000 0.000 0.000 0.000 0.000 50.000 1.000
2 2 1 1.000 0.000 0.000 0.000 0.000 50.000 1.000
2 2 1 1.000 0.000 0.000 0.000 0.000 50.000 1.000
2 2 1 1.000 0.000 0.000 0.000 0.000 50.000 1.000
2 2 1 1.000 0.000 0.000 0.000 0.000 50.000 1.000
2 2 1 1.000 0.000 0.000 0.000 0.000 50.000 1.000
2 2 1 1.000 0.000 0.000 0.000 0.000 50.000 1.000
2 2 1 1.000 0.000 0.000 0.000 0.000 50.000 1.000
2 2 1 1.000 0.000 0.000 0.000 0.000 50.000 1.000
2 2 1 1.000 0.000 0.000 0.000 0.000 50.000 1.000
2 2 1 1.000 0.000 0.000 0.000 0.000 50.000 1.000
2 2 1 1.000 0.000 0.000 0.000 0.000 50.000 1.000
2 2 1 1.000 0.000 0.000 0.000 0.000 50.000 1.000
2 2 1 1.000 0.000 0.000 0.000 0.000 50.000 1.000
2 2 1 1.000 0.000 0.000 0.000 0.000 50.000 1.000
2 2 1 1.000 0.000 0.000 0.000 0.000 50.000 1.000
2 2 1 1.000 0.000 0.000 0.000 0.000 50.000 1.000
2 2 1 1.000 0.000 0.000 0.000 0.000 50.000 1.000
2 2 1 1.000 0.000 0.000 0.000 0.000 50.000 1.000
2 2 1 1.000 0.000 0.000 0.000 0.000 50.000 1.000
2 2 1 1.000 0.000 0.000 0.000 0.000 50.000 1.000
2 2 1 1.000 0.000 0.000 0.000 0.000 50.000 1.000
2 2 1 1.000 0.000 0.000 0.000 0.000 50.000 1.000
2 2 1 1.000 0.000 0.000 0.000 0.000 50.000 1.000
2 2 1 1.000 0.000 0.000 0.000 0.000 50.000 1.000
2 2 1 1.000 0.000 0.000 0.000 0.000 50.000 1.000
2 2 1 1.000 0.000 0.000 0.000 0.000 50.000 1.000
2 2 1 1.000 0.000 0.000 0.000 0.000 50.000 1.000
2 2 1 1.000 0.000 0.000 0.000 0.000 50.000 1.000
2 2 1 1.000 0.000 0.000 0.000 0.000 50.000 1.000
2 2 1 1.000 0.000 0.000 0.000 0.000 50.000 1.000
2 2 1 1.000 0.000 0.000 0.000 0.000 50.000 1.000
2 2 1 1.000 0.000 0.000 0.000 0.000 50.000 1.000
2 2 1 1.000 0.000 0.000 0.000 0.000 50.000 1.000
2 2 1 1.000 0.000 0.000 0.000 0.000 50.000 1.000
2 2 1 1.000 0.000 0.000 0.000 0.000 50.000 1.000
2 2 1 1.000 0.000 0.000 0.000 0.000 50.000 1.000
2 2 1 1.000 0.000 0.000 0.000 0.000 50.000 1.000
2 2 1 1.000 0.000 0.000 0.000 0.000 50.000 1.000
2 2 1 1.000 0.000 0.000 0.000 0.000 50.000 1.000
2 2 1 1.000 0.000 0.000 0.000 0.000 50.000 1.000
2 2 1 1.000 0.000 0.000 0.000 0.000 50.000 1.000
2 2 1 1.000 0.000 0.000 0.000 0.000 50.000 1.000
2 2 1 1.000 0.000 0.000 0.000 0.000 50.000 1.000
2 2 1 1.000 0.000 0.000 0.000 0.000 50.000 1.000
2 2 1 1.000 0.000 0.000 0.000 0.000 50.000 1.000
2 4 2 1.000 0.000 0.000 0.000 0.000 25.000 2.000
2 4 2 1.000 0.000 0.000 0.000 0.000 25.000 2.000
2 4 2 1.000 0.000 0.000 0.000 0.000 25.000 2.000
2 4 2 1.000 0.000 0.000 0.000 0.000 25.000 2.000
2 4 2 1.000 0.000 0.000 0.000 0.000 25.000 2.000
2 4 2 1.000 0.000 0.040 0.000 0.000 25.000 2.000
2 4 2 1.000 0.000 0.000 0.000 0.000 25.000 2.000
2 4 2 1.000 0.000 0.000 0.000 0.000 25.000 2.000
2 4 2 1.000 0.000 0.000 0.000 0.000 25.000 2.000
2 4 2 1.000 0.000 0.000 0.000 0.000 25.000 2.000
2 4 2 1.000 0.000 0.000 0.000 0.000 25.000 2.000
2 4 2 1.000 0.000 0.260 0.000 0.000 25.000 2.000
2 4 2 1.000 0.000 0.000 0.000 0.000 25.000 2.000
2 4 2 1.000 0.000 0.240 0.000 0.000 25.000 2.000
2 4 2 1.000 0.000 0.720 0.000 0.000 25.000 2.000
2 4 2 1.000 0.000 0.000 0.000 0.000 25.000 2.000
2 4 2 1.000 0.000 1.280 0.000 0.000 25.000 2.000
2 4 2 1.000 0.000 0.000 0.000 0.000 25.000 2.000
2 4 2 1.000 0.000 0.000 0.000 0.000 25.000 2.000
2 4 2 1.000 0.000 0.000 0.000 0.000 25.000 2.000
2 4 2 1.000 0.000 0.040 0.000 0.000 25.000 2.000
2 4 2 1.000 0.000 0.000 0.000 0.000 25.000 2.000
2 4 2 1.000 0.000 0.780 0.000 0.000 25.000 2.000
2 4 2 1.000 0.000 0.000 0.000 0.000 25.000 2.000
2 4 2 1.000 0.000 2.020 0.000 0.000 25.000 2.000
2 4 2 1.000 0.000 0.000 0.000 0.000 25.000 2.000
2 4 2 1.000 0.000 0.000 0.000 0.000 25.000 2.000
2 4 2 1.000 0.000 0.000 0.000 0.000 25.000 2.000
2 4 2 1.000 0.000 0.000 0.000 0.000 25.000 2.000
2 4 2 1.000 0.000 0.080 0.000 0.000 25.000 2.000
2 4 2 1.000 0.000 0.180 0.000 0.000 25.000 2.000
2 4 2 1.000 0.000 1.040 0.000 0.000 25.000 2.000
2 4 2 1.000 0.000 0.680 0.000 0.000 25.000 2.000
2 4 2 1.000 0.000 0.080 0.000 0.000 25.000 2.000
2 4 2 1.000 0.000 0.000 0.000 0.000 25.000 2.000
2 4 2 1.000 0.000 0.000 0.000 0.000 25.000 2.000
2 4 2 1.000 0.000 0.000 0.000 0.000 25.000 2.000
2 4 2 1.000 0.000 0.080 0.000 0.000 25.000 2.000
2 4 2 1.000 0.000 0.280 0.000 0.000 25.000 2.000
2 4 2 1.000 0.000 1.560 0.000 0.000 25.000 2.000
2 4 2 1.000 0.000 0.000 0.000 0.000 25.000 2.000
2 4 2 1.000 0.000 0.000 0.000 0.000 25.000 2.000
2 4 2 1.000 0.000 0.040 0.000 0.000 25.000 2.000
2 4 2 1.000 0.000 0.000 0.000 0.000 25.000 2.000
2 4 2 1.000 0.000 0.000 0.000 0.000 25.000 2.000
2 4 2 1.000 0.000 0.000 0.000 0.000 25.000 2.000
2 4 2 1.000 0.000 0.000 0.000 0.000 25.000 2.000
2 4 2 1.000 0.000 0.000 0.000 0.000 25.000 2.000
2 4 2 1.000 0.000 0.000 0.000 0.000 25.000 2.000
2 4 2 1.000 0.000 0.000 0.000 0.000 25.000 2.000
2 4 2 1.000 0.000 0.040 0.000 0.000 25.000 2.000
2 4 2 1.000 0.000 0.000 0.000 0.000 25.000 2.000
2 4 2 1.000 0.000 0.000 0.000 0.000 25.000 2.000
2 4 2 1.000 0.000 0.000 0.000 0.000 25.000 2.000
2 4 2 1.000 0.000 0.080 0.000 0.000 25.000 2.000
2 4 2 1.000 0.000 0.000 0.000 0.000 25.000 2.000
2 4 2 1.000 0.000 0.080 0.000 0.000 25.000 2.000
2 4 2 1.000 0.000 0.000 0.000 0.000 25.000 2.000
2 4 2 1.000 0.000 0.000 0.000 0.000 25.000 2.000
2 4 2 1.000 0.000 0.000 0.000 0.000 25.000 2.000
2 4 2 1.000 0.000 0.000 0.000 0.000 25.000 2.000
2 4 2 1.000 0.000 0.040 0.000 0.000 25.000 2.000
2 4 2 1.000 0.000 0.040 0.000 0.000 25.000 2.000
2 4 2 1.000 0.000 0.000 0.000 0.000 25.000 2.000
2 4 2 1.000 0.000 0.000 0.000 0.000 25.000 2.000
2 4 2 1.000 0.000 0.000 0.000 0.000 25.000 2.000
2 4 2 1.000 0.000 0.000 0.000 0.000 25.000 2.000
2 4 2 1.000 0.000 0.000 0.000 0.000 25.000 2.000
2 4 2 1.000 0.000 0.000 0.000 0.000 25.000 2.000
2 4 2 1.000 0.000 0.000 0.000 0.000 25.000 2.000
2 4 2 1.000 0.000 0.200 0.000 0.000 25.000 2.000
2 4 2 1.000 0.000 0.000 0.000 0.000 25.000 2.000
2 4 2 1.000 0.000 0.160 0.000 0.000 25.000 2.000
2 4 2 1.000 0.000 0.000 0.000 0.000 25.000 2.000
2 4 2 1.000 0.000 0.000 0.000 0.000 25.000 2.000
2 4 2 1.000 0.000 0.160 0.000 0.000 25.000 2.000
2 4 2 1.000 0.000 0.080 0.000 0.000 25.000 2.000
2 4 2 1.000 0.000 2.320 0.000 0.000 25.000 2.000
2 4 2 0.999 0.001 11.260 0.000 0.000 25.000 2.000
2 4 2 1.000 0.000 0.000 0.000 0.000 25.000 2.000
2 4 2 1.000 0.000 0.440 0.000 0.000 25.000 2.000
2 4 2 1.000 0.000 0.040 0.000 0.000 25.000 2.000
2 4 2 1.000 0.000 0.600 0.000 0.000 25.000 2.000
2 4 2 0.999 0.001 3.640 0.000 0.000 25.000 2.000
2 4 2 1.000 0.000 0.000 0.000 0.000 25.000 2.000
2 4 2 1.000 0.000 0.000 0.000 0.000 25.000 2.000
2 4 2 1.000 0.000 0.000 0.000 0.000 25.000 2.000
2 4 2 1.000 0.000 0.000 0.000 0.000 25.000 2.000
2 4 2 1.000 0.000 0.000 0.000 0.000 25.000 2.000
2 4 2 1.000 0.000 0.000 0.000 0.000 25.000 2.000
2 4 2 1.000 0.000 0.000 0.000 0.000 25.000 2.000
2 4 2 0.999 0.001 6.180 0.000 0.000 25.000 2.000
2 4 2 1.000 0.000 0.000 0.000 0.000 25.000 2.000
2 4 2 1.000 0.000 0.000 0.000 0.000 25.000 2.000
2 4 2 1.000 0.000 0.000 0.000 0.000 25.000 2.000
2 4 2 1.000 0.000 0.200 0.000 0.000 25.000 2.000
2 4 2 1.000 0.000 0.000 0.000 0.000 25.000 2.000
2 4 2 1.000 0.000 0.000 0.000 0.000 25.000 2.000
2 4 2 1.000 0.000 0.000 0.000 0.000 25.000 2.000
2 4 2 1.000 0.000 0.000 0.000 0.000 25.000 2.000
2 5 3 1.000 0.000 1.250 0.000 0.000 20.000 3.000
2 5 3 1.000 0.000 3.300 0.000 0.000 20.000 3.000
2 5 3 1.000 0.000 0.750 0.000 0.000 20.000 3.000
2 5 3 1.000 0.000 0.050 0.000 0.000 20.000 3.000
2 5 3 1.000 0.000 0.100 0.000 0.000 20.000 3.000
2 5 3 1.000 0.000 0.050 0.000 0.000 20.000 3.000
2 5 3 1.000 0.000 3.550 0.000 0.000 20.000 3.000
2 5 3 1.000 0.000 0.700 0.000 0.000 20.000 3.000
2 5 3 1.000 0.000 0.200 0.000 0.000 20.000 3.000
2 5 3 0.999 0.001 10.450 0.000 0.000 20.000 3.000
2 5 3 1.000 0.000 0.550 0.000 0.000 20.000 3.000
2 5 3 1.000 0.000 2.350 0.000 0.000 20.000 3.000
2 5 3 0.999 0.001 5.300 0.000 0.000 20.000 3.000
2 5 3 1.000 0.000 0.100 0.000 0.000 20.000 3.000
2 5 3 1.000 0.000 0.000 0.000 0.000 20.000 3.000
2 5 3 1.000 0.000 0.000 0.000 0.000 20.000 3.000
2 5 3 1.000 0.000 0.100 0.000 0.000 20.000 3.000
2 5 3 0.999 0.001 8.950 0.000 0.000 20.000 3.000
2 5 3 0.999 0.001 3.700 0.000 0.000 20.000 3.000
2 5 3 1.000 0.000 0.000 0.000 0.000 20.000 3.000
2 5 3 1.000 0.000 0.000 0.000 0.000 20.000 3.000
2 5 3 1.000 0.000 0.050 0.000 0.000 20.000 3.000
2 5 3 1.000 0.000 3.825 0.000 0.000 20.000 3.000
2 5 3 1.000 0.000 3.600 0.000 0.000 20.000 3.000
2 5 3 1.000 0.000 0.000 0.000 0.000 20.000 3.000
2 5 3 1.000 0.000 1.900 0.000 0.000 20.000 3.000
2 5 3 1.000 0.000 0.150 0.000 0.000 20.000 3.000
2 5 3 1.000 0.000 0.050 0.000 0.000 20.000 3.000
2 5 3 0.999 0.001 3.300 0.000 0.000 20.000 3.000
2 5 3 1.000 0.000 0.000 0.000 0.000 20.000 3.000
2 5 3 1.000 0.000 0.000 0.000 0.000 20.000 3.000
2 5 3 1.000 0.000 0.000 0.000 0.000 20.000 3.000
2 5 3 1.000 0.000 0.000 0.000 0.000 20.000 3.000
2 5 3 1.000 0.000 2.150 0.000 0.000 20.000 3.000
2 5 3 1.000 0.000 3.000 0.000 0.000 20.000 3.000
2 5 3 1.000 0.000 0.000 0.000 0.000 20.000 3.000
2 5 3 1.000 0.000 0.000 0.000 0.000 20.000 3.000
2 5 3 1.000 0.000 3.475 0.000 0.000 20.000 3.000
2 5 3 1.000 0.000 1.750 0.000 0.000 20.000 3.000
2 5 3 1.000 0.000 0.100 0.000 0.000 20.000 3.000
2 5 3 1.000 0.000 0.000 0.000 0.000 20.000 3.000
2 5 3 1.000 0.000 0.150 0.000 0.000 20.000 3.000
2 5 3 1.000 0.000 0.400 0.000 0.000 20.000 3.000
2 5 3 1.000 0.000 0.400 0.000 0.000 20.000 3.000
2 5 3 1.000 0.000 4.350 0.000 0.000 20.000 3.000
2 5 3 1.000 0.000 2.775 0.000 0.000 20.000 3.000
2 5 3 1.000 0.000 0.000 0.000 0.000 20.000 3.000
2 5 3 1.000 0.000 3.225 0.000 0.000 20.000 3.000
2 5 3 1.000 0.000 0.000 0.000 0.000 20.000 3.000
2 5 3 1.000 0.000 0.050 0.000 0.000 20.000 3.000
2 5 3 1.000 0.000 0.250 0.000 0.000 20.000 3.000
2 5 3 1.000 0.000 3.750 0.000 0.000 20.000 3.000
2 5 3 0.999 0.001 5.150 0.000 0.000 20.000 3.000
2 5 3 1.000 0.000 0.350 0.000 0.000 20.000 3.000
2 5 3 1.000 0.000 3.025 0.000 0.000 20.000 3.000
2 5 3 1.000 0.000 0.600 0.000 0.000 20.000 3.000
2 5 3 1.000 0.000 0.075 0.000 0.000 20.000 3.000
2 5 3 1.000 0.000 2.775 0.000 0.000 20.000 3.000
2 5 3 1.000 0.000 0.400 0.000 0.000 20.000 3.000
2 5 3 1.000 0.000 0.000 0.000 0.000 20.000 3.000
2 5 3 1.000 0.000 0.000 0.000 0.000 20.000 3.000
2 5 3 1.000 0.000 0.000 0.000 0.000 20.000 3.000
2 5 3 0.998 0.002 15.575 0.000 0.000 20.000 3.000
2 5 3 1.000 0.000 3.450 0.000 0.000 20.000 3.000
2 5 3 1.000 0.000 0.000 0.000 0.000 20.000 3.000
2 5 3 1.000 0.000 1.725 0.000 0.000 20.000 3.000
2 5 3 0.999 0.001 6.200 0.000 0.000 20.000 3.000
2 5 3 1.000 0.000 0.000 0.000 0.000 20.000 3.000
2 5 3 1.000 0.000 0.825 0.000 0.000 20.000 3.000
2 5 3 1.000 0.000 0.800 0.000 0.000 20.000 3.000
2 5 3 1.000 0.000 0.150 0.000 0.000 20.000 3.000
2 5 3 0.996 0.004 36.550 0.000 0.000 20.000 3.000
2 5 3 1.000 0.000 0.000 0.000 0.000 20.000 3.000
2 5 3 1.000 0.000 1.000 0.000 0.000 20.000 3.000
2 5 3 1.000 0.000 2.550 0.000 0.000 20.000 3.000
2 5 3 1.000 0.000 3.100 0.000 0.000 20.000 3.000
2 5 3 1.000 0.000 0.200 0.000 0.000 20.000 3.000
2 5 3 1.000 0.000 0.000 0.000 0.000 20.000 3.000
2 5 3 1.000 0.000 0.975 0.000 0.000 20.000 3.000
2 5 3 1.000 0.000 0.050 0.000 0.000 20.000 3.000
2 5 3 0.999 0.001 4.700 0.000 0.000 20.000 3.000
2 5 3 1.000 0.000 0.700 0.000 0.000 20.000 3.000
2 5 3 1.000 0.000 2.850 0.000 0.000 20.000 3.000
2 5 3 1.000 0.000 0.950 0.000 0.000 20.000 3.000
2 5 3 1.000 0.000 0.000 0.000 0.000 20.000 3.000
2 5 3 1.000 0.000 0.000 0.000 0.000 20.000 3.000
2 5 3 1.000 0.000 0.000 0.000 0.000 20.000 3.000
2 5 3 1.000 0.000 0.850 0.000 0.000 20.000 3.000
2 5 3 1.000 0.000 0.050 0.000 0.000 20.000 3.000
2 5 3 1.000 0.000 2.450 0.000 0.000 20.000 3.000
2 5 3 1.000 0.000 1.650 0.000 0.000 20.000 3.000
2 5 3 0.999 0.001 6.750 0.000 0.000 20.000 3.000
2 5 3 1.000 0.000 2.850 0.000 0.000 20.000 3.000
2 5 3 1.000 0.000 0.000 0.000 0.000 20.000 3.000
2 5 3 1.000 0.000 0.350 0.000 0.000 20.000 3.000
2 5 3 0.999 0.001 5.900 0.000 0.000 20.000 3.000
2 5 3 1.000 0.000 0.050 0.000 0.000 20.000 3.000
2 5 3 1.000 0.000 1.950 0.000 0.000 20.000 3.000
2 5 3 0.999 0.001 8.525 0.000 0.000 20.000 3.000
2 5 3 1.000 0.000 0.650 0.000 0.000 20.000 3.000
2 8 4 0.999 0.001 8.880 0.000 0.000 13.000 4.000
2 8 4 0.999 0.001 8.520 0.000 0.000 13.000 4.000
2 8 4 0.997 0.003 21.200 0.000 0.000 13.000 4.000
2 8 4 0.993 0.007 57.680 0.000 0.000 13.000 4.000
2 8 4 0.992 0.008 57.600 0.000 0.000 13.000 4.000
2 8 4 0.997 0.003 32.120 0.000 0.000 13.000 4.000
2 8 4 0.996 0.004 38.280 0.000 0.000 13.000 4.000
2 8 4 0.993 0.007 14.560 0.000 0.000 13.000 4.000
2 8 4 0.992 0.008 70.040 0.000 0.000 13.000 4.000
2 8 4 0.997 0.003 33.760 0.000 0.000 13.000 4.000
2 8 4 0.994 0.006 54.400 0.000 0.000 13.000 4.000
2 8 4 1.000 0.000 2.200 0.000 0.000 13.000 4.000
2 8 4 0.999 0.001 8.520 0.000 0.000 13.000 4.000
2 8 4 0.998 0.002 10.560 0.000 0.000 13.000 4.000
2 8 4 0.997 0.003 31.000 0.000 0.000 13.000 4.000
2 8 4 0.998 0.002 23.520 0.000 0.000 13.000 4.000
2 8 4 0.999 0.001 8.160 0.000 0.000 13.000 4.000
2 8 4 0.995 0.005 40.000 0.000 0.000 13.000 4.000
2 8 4 0.997 0.003 29.720 0.000 0.000 13.000 4.000
2 8 4 0.999 0.001 9.920 0.000 0.000 13.000 4.000
2 8 4 0.992 0.008 67.400 0.000 0.000 13.000 4.000
2 8 4 0.991 0.009 69.960 0.000 0.000 13.000 4.000
2 8 4 0.996 0.004 27.920 0.000 0.000 13.000 4.000
2 8 4 0.994 0.006 47.960 0.000 0.000 13.000 4.000
2 8 4 0.991 0.009 72.200 0.000 0.000 13.000 4.000
2 8 4 0.997 0.003 16.880 0.000 0.000 13.000 4.000
2 8 4 0.997 0.003 30.600 0.000 0.000 13.000 4.000
2 8 4 0.991 0.009 67.800 0.000 0.000 13.000 4.000
2 8 4 1.000 0.000 4.080 0.000 0.000 13.000 4.000
2 8 4 0.996 0.004 26.120 0.000 0.000 13.000 4.000
2 8 4 0.994 0.006 50.280 0.000 0.000 13.000 4.000
2 8 4 0.999 0.001 4.480 0.000 0.000 13.000 4.000
2 8 4 0.994 0.006 50.800 0.000 0.000 13.000 4.000
2 8 4 0.992 0.008 63.080 0.000 0.000 13.000 4.000
2 8 4 0.995 0.005 21.200 0.000 0.000 13.000 4.000
2 8 4 0.991 0.009 62.840 0.000 0.000 13.000 4.000
2 8 4 0.997 0.003 29.160 0.000 0.000 13.000 4.000
2 8 4 0.994 0.006 48.120 0.000 0.000 13.000 4.000
2 8 4 0.994 0.006 46.600 0.000 0.000 13.000 4.000
2 8 4 0.999 0.001 6.720 0.000 0.000 13.000 4.000
2 8 4 0.999 0.001 6.400 0.000 0.000 13.000 4.000
2 8 4 0.999 0.001 8.240 0.000 0.000 13.000 4.000
2 8 4 0.996 0.004 34.080 0.000 0.000 13.000 4.000
2 8 4 0.995 0.005 48.400 0.000 0.000 13.000 4.000
2 8 4 0.999 0.001 4.840 0.000 0.000 13.000 4.000
2 8 4 0.998 0.002 21.600 0.000 0.000 13.000 4.000
2 8 4 0.999 0.001 4.960 0.000 0.000 13.000 4.000
2 8 4 0.998 0.002 25.480 0.000 0.000 13.000 4.000
2 8 4 1.000 0.000 1.880 0.000 0.000 13.000 4.000
2 8 4 0.998 0.002 17.600 0.000 0.000 13.000 4.000
2 8 4 0.998 0.002 10.840 0.000 0.000 13.000 4.000
2 8 4 0.999 0.001 7.160 0.000 0.000 13.000 4.000
2 8 4 0.996 0.004 28.320 0.000 0.000 13.000 4.000
2 8 4 0.993 0.007 67.560 0.000 0.000 13.000 4.000
2 8 4 1.000 0.000 0.720 0.000 0.000 13.000 4.000
2 8 4 0.996 0.004 34.200 0.000 0.000 13.000 4.000
2 8 4 0.997 0.003 16.720 0.000 0.000 13.000 4.000
2 8 4 0.999 0.001 8.000 0.000 0.000 13.000 4.000
2 8 4 0.999 0.001 10.600 0.000 0.000 13.000 4.000
2 8 4 0.991 0.009 85.200 0.000 0.000 13.000 4.000
2 8 4 0.992 0.008 57.600 0.000 0.000 13.000 4.000
2 8 4 0.994 0.006 52.840 0.000 0.000 13.000 4.000
2 8 4 0.998 0.002 17.920 0.000 0.000 13.000 4.000
2 8 4 0.997 0.003 25.400 0.000 0.000 13.000 4.000
2 8 4 0.994 0.006 48.000 0.000 0.000 13.000 4.000
2 8 4 0.994 0.006 46.120 0.000 0.000 13.000 4.000
2 8 4 0.996 0.004 37.480 0.000 0.000 13.000 4.000
2 8 4 0.992 0.008 54.880 0.000 0.000 13.000 4.000
2 8 4 0.995 0.005 41.320 0.000 0.000 13.000 4.000
2 8 4 0.998 0.002 20.120 0.000 0.000 13.000 4.000
2 8 4 0.997 0.003 33.800 0.000 0.000 13.000 4.000
2 8 4 0.992 0.008 66.480 0.000 0.000 13.000 4.000
2 8 4 0.991 0.009 87.320 0.000 0.000 13.000 4.000
2 8 4 0.998 0.002 18.200 0.000 0.000 13.000 4.000
2 8 4 0.992 0.008 53.960 0.000 0.000 13.000 4.000
2 8 4 0.998 0.002 16.600 0.000 0.000 13.000 4.000
2 8 4 1.000 0.000 0.000 0.000 0.000 13.000 4.000
2 8 4 0.997 0.003 21.040 0.000 0.000 13.000 4.000
2 8 4 0.990 0.010 92.480 0.000 0.000 13.000 4.000
2 8 4 0.997 0.003 34.000 0.000 0.000 13.000 4.000
2 8 4 0.996 0.004 31.960 0.000 0.000 13.000 4.000
2 8 4 0.998 0.002 11.480 0.000 0.000 13.000 4.000
2 8 4 0.990 0.010 95.160 0.000 0.000 13.000 4.000
2 8 4 0.995 0.005 9.840 0.000 0.000 13.000 4.000
2 8 4 0.996 0.004 32.360 0.000 0.000 13.000 4.000
2 8 4 1.000 0.000 1.240 0.000 0.000 13.000 4.000
2 8 4 0.992 0.008 67.240 0.000 0.000 13.000 4.000
2 8 4 0.997 0.003 16.640 0.000 0.000 13.000 4.000
2 8 4 1.000 0.000 2.640 0.000 0.000 13.000 4.000
2 8 4 0.996 0.004 31.240 0.000 0.000 13.000 4.000
2 8 4 0.998 0.002 8.440 0.000 0.000 13.000 4.000
2 8 4 0.999 0.001 11.200 0.000 0.000 13.000 4.000
2 8 4 0.998 0.002 8.360 0.000 0.000 13.000 4.000
2 8 4 0.991 0.009 80.560 0.000 0.000 13.000 4.000
2 8 4 0.997 0.003 22.200 0.000 0.000 13.000 4.000
2 8 4 0.993 0.007 52.200 0.000 0.000 13.000 4.000
2 8 4 0.997 0.003 32.080 0.000 0.000 13.000 4.000
2 8 4 0.997 0.003 24.160 0.000 0.000 13.000 4.000
2 8 4 0.993 0.007 54.560 0.000 0.000 13.000 4.000
2 8 4 0.990 0.010 84.160 0.000 0.000 13.000 4.000
2 10 5 0.991 0.009 65.250 0.000 0.000 10.000 5.000
2 10 5 0.991 0.009 97.250 0.000 0.000 10.000 5.000
2 10 5 0.996 0.004 40.450 0.000 0.000 10.000 5.000
2 10 5 0.991 0.009 72.050 0.000 0.000 10.000 5.000
2 10 5 0.991 0.009 77.150 0.000 0.000 10.000 5.000
2 10 5 0.991 0.009 68.350 0.000 0.000 10.000 5.000
2 10 5 0.997 0.003 29.600 0.000 0.000 10.000 5.000
2 10 5 0.993 0.007 71.800 0.000 0.000 10.000 5.000
2 10 5 0.992 0.008 71.400 0.000 0.000 10.000 5.000
2 10 5 0.997 0.003 32.800 0.000 0.000 10.000 5.000
2 10 5 0.991 0.009 79.000 0.000 0.000 10.000 5.000
2 10 5 0.993 0.007 53.850 0.000 0.000 10.000 5.000
2 10 5 0.993 0.007 49.150 0.000 0.000 10.000 5.000
2 10 5 0.990 0.010 95.050 0.000 0.000 10.000 5.000
2 10 5 0.992 0.008 60.050 0.000 0.000 10.000 5.000
2 10 5 0.990 0.010 96.700 0.000 0.000 10.000 5.000
2 10 5 0.990 0.010 94.900 0.000 0.000 10.000 5.000
2 10 5 0.989 0.011 98.200 0.000 0.000 10.000 5.000
2 10 5 0.990 0.010 82.900 0.000 0.000 10.000 5.000
2 10 5 0.990 0.010 85.650 0.000 0.000 10.000 5.000
2 10 5 0.991 0.009 76.350 0.000 0.000 10.000 5.000
2 10 5 0.990 0.010 96.350 0.000 0.000 10.000 5.000
2 10 5 0.991 0.009 89.050 0.000 0.000 10.000 5.000
2 10 5 0.993 0.007 60.500 0.000 0.000 10.000 5.000
2 10 5 0.991 0.009 78.450 0.000 0.000 10.000 5.000
2 10 5 0.990 0.010 85.250 0.000 0.000 10.000 5.000
2 10 5 0.994 0.006 50.250 0.000 0.000 10.000 5.000
2 10 5 0.991 0.009 90.250 0.000 0.000 10.000 5.000
2 10 5 0.991 0.009 79.550 0.000 0.000 10.000 5.000
2 10 5 0.992 0.008 79.100 0.000 0.000 10.000 5.000
2 10 5 0.992 0.008 63.700 0.000 0.000 10.000 5.000
2 10 5 0.991 0.009 71.900 0.000 0.000 10.000 5.000
2 10 5 0.992 0.008 66.850 0.000 0.000 10.000 5.000
2 10 5 0.990 0.010 95.650 0.000 0.000 10.000 5.000
2 10 5 0.997 0.003 24.800 0.000 0.000 10.000 5.000
2 10 5 0.990 0.010 97.550 0.000 0.000 10.000 5.000
2 10 5 0.991 0.009 76.400 0.000 0.000 10.000 5.000
2 10 5 0.995 0.005 43.550 0.000 0.000 10.000 5.000
2 10 5 0.990 0.010 75.350 0.000 0.000 10.000 5.000
2 10 5 0.993 0.007 57.350 0.000 0.000 10.000 5.000
2 10 5 0.992 0.008 67.700 0.000 0.000 10.000 5.000
2 10 5 0.993 0.007 58.900 0.000 0.000 10.000 5.000
2 10 5 0.995 0.005 33.250 0.000 0.000 10.000 5.000
2 10 5 0.992 0.008 53.150 0.000 0.000 10.000 5.000
2 10 5 0.992 0.008 64.100 0.000 0.000 10.000 5.000
2 10 5 0.993 0.007 51.700 0.000 0.000 10.000 5.000
2 10 5 0.992 0.008 64.650 0.000 0.000 10.000 5.000
2 10 5 0.990 0.010 94.150 0.000 0.000 10.000 5.000
2 10 5 0.990 0.010 95.700 0.000 0.000 10.000 5.000
2 10 5 0.992 0.008 63.500 0.000 0.000 10.000 5.000
2 10 5 0.991 0.009 90.750 0.000 0.000 10.000 5.000
2 10 5 0.990 0.010 96.100 0.000 0.000 10.000 5.000
2 10 5 0.994 0.006 35.750 0.000 0.000 10.000 5.000
2 10 5 0.995 0.005 41.150 0.000 0.000 10.000 5.000
2 10 5 0.991 0.009 73.750 0.000 0.000 10.000 5.000
2 10 5 0.990 0.010 98.000 0.000 0.000 10.000 5.000
2 10 5 0.992 0.008 67.750 0.000 0.000 10.000 5.000
2 10 5 0.992 0.008 70.300 0.000 0.000 10.000 5.000
2 10 5 0.996 0.004 19.950 0.000 0.000 10.000 5.000
2 10 5 0.991 0.009 92.750 0.000 0.000 10.000 5.000
2 10 5 0.990 0.010 97.100 0.000 0.000 10.000 5.000
2 10 5 0.991 0.009 89.750 0.000 0.000 10.000 5.000
2 10 5 0.991 0.009 89.800 0.000 0.000 10.000 5.000
2 10 5 0.991 0.009 95.950 0.000 0.000 10.000 5.000
2 10 5 0.991 0.009 91.550 0.000 0.000 10.000 5.000
2 10 5 0.990 0.010 78.700 0.000 0.000 10.000 5.000
2 10 5 0.992 0.008 72.650 0.000 0.000 10.000 5.000
2 10 5 0.991 0.009 81.400 0.000 0.000 10.000 5.000
2 10 5 0.990 0.010 88.700 0.000 0.000 10.000 5.000
2 10 5 0.991 0.009 95.300 0.000 0.000 10.000 5.000
2 10 5 0.991 0.009 82.500 0.000 0.000 10.000 5.000
2 10 5 0.997 0.003 16.800 0.000 0.000 10.000 5.000
2 10 5 0.991 0.009 83.550 0.000 0.000 10.000 5.000
2 10 5 0.991 0.009 85.200 0.000 0.000 10.000 5.000
2 10 5 0.990 0.010 95.950 0.000 0.000 10.000 5.000
2 10 5 0.996 0.004 39.700 0.000 0.000 10.000 5.000
2 10 5 0.992 0.008 58.250 0.000 0.000 10.000 5.000
2 10 5 0.992 0.008 72.900 0.000 0.000 10.000 5.000
2 10 5 0.990 0.010 87.700 0.000 0.000 10.000 5.000
2 10 5 0.997 0.003 24.350 0.000 0.000 10.000 5.000
2 10 5 0.990 0.010 93.650 0.000 0.000 10.000 5.000
2 10 5 0.992 0.008 75.750 0.000 0.000 10.000 5.000
2 10 5 0.992 0.008 74.850 0.000 0.000 10.000 5.000
2 10 5 0.996 0.004 34.150 0.000 0.000 10.000 5.000
2 10 5 0.995 0.005 23.000 0.000 0.000 10.000 5.000
2 10 5 0.992 0.008 73.000 0.000 0.000 10.000 5.000
2 10 5 0.991 0.009 82.950 0.000 0.000 10.000 5.000
2 10 5 0.993 0.007 52.350 0.000 0.000 10.000 5.000
2 10 5 0.993 0.007 58.850 0.000 0.000 10.000 5.000
2 10 5 0.991 0.009 16.750 0.000 0.000 10.000 5.000
2 10 5 0.991 0.009 77.750 0.000 0.000 10.000 5.000
2 10 5 0.991 0.009 65.250 0.000 0.000 10.000 5.000
2 10 5 0.991 0.009 75.350 0.000 0.000 10.000 5.000
2 10 5 0.997 0.003 18.350 0.000 0.000 10.000 5.000
2 10 5 0.990 0.010 85.100 0.000 0.000 10.000 5.000
2 10 5 0.995 0.005 43.200 0.000 0.000 10.000 5.000
2 10 5 0.990 0.010 93.850 0.000 0.000 10.000 5.000
2 10 5 0.994 0.006 24.350 0.000 0.000 10.000 5.000
2 10 5 0.991 0.009 81.950 0.000 0.000 10.000 5.000
2 10 5 0.992 0.008 61.500 0.000 0.000 10.000 5.000
2 20 10 0.990 0.010 97.600 0.000 0.000 5.000 10.000
2 20 10 0.990 0.010 89.100 0.000 0.000 5.000 10.000
2 20 10 0.989 0.011 98.000 0.000 0.000 5.000 10.000
2 20 10 0.988 0.012 98.100 0.000 0.000 5.000 10.000
2 20 10 0.991 0.009 91.400 0.000 0.000 5.000 10.000
2 20 10 0.989 0.011 90.400 0.000 0.000 5.000 10.000
2 20 10 0.990 0.010 98.200 0.000 0.000 5.000 10.000
2 20 10 0.989 0.011 99.200 0.000 0.000 5.000 10.000
2 20 10 0.989 0.011 94.300 0.000 0.000 5.000 10.000
2 20 10 0.989 0.011 98.400 0.000 0.000 5.000 10.000
2 20 10 0.990 0.010 98.400 0.000 0.000 5.000 10.000
2 20 10 0.989 0.011 96.900 0.000 0.000 5.000 10.000
2 20 10 0.989 0.011 96.900 0.000 0.000 5.000 10.000
2 20 10 0.988 0.012 94.600 0.000 0.000 5.000 10.000
2 20 10 0.990 0.010 94.200 0.000 0.000 5.000 10.000
2 20 10 0.990 0.010 95.400 0.000 0.000 5.000 10.000
2 20 10 0.991 0.009 94.200 0.000 0.000 5.000 10.000
2 20 10 0.990 0.010 97.400 0.000 0.000 5.000 10.000
2 20 10 0.988 0.012 95.700 0.000 0.000 5.000 10.000
2 20 10 0.990 0.010 97.800 0.000 0.000 5.000 10.000
2 20 10 0.989 0.011 97.400 0.000 0.000 5.000 10.000
2 20 10 0.989 0.011 97.000 0.000 0.000 5.000 10.000
2 20 10 0.991 0.009 97.400 0.000 0.000 5.000 10.000
2 20 10 0.991 0.009 92.000 0.000 0.000 5.000 10.000
2 20 10 0.991 0.009 98.400 0.000 0.000 5.000 10.000
2 20 10 0.989 0.011 97.800 0.000 0.000 5.000 10.000
2 20 10 0.991 0.009 89.200 0.000 0.000 5.000 10.000
2 20 10 0.990 0.010 89.400 0.000 0.000 5.000 10.000
2 20 10 0.990 0.010 98.600 0.000 0.000 5.000 10.000
2 20 10 0.991 0.009 95.400 0.000 0.000 5.000 10.000
2 20 10 0.989 0.011 98.000 0.000 0.000 5.000 10.000
2 20 10 0.989 0.011 94.900 0.000 0.000 5.000 10.000
2 20 10 0.990 0.010 85.600 0.000 0.000 5.000 10.000
2 20 10 0.992 0.008 70.000 0.000 0.000 5.000 10.000
2 20 10 0.988 0.012 98.200 0.000 0.000 5.000 10.000
2 20 10 0.990 0.010 96.400 0.000 0.000 5.000 10.000
2 20 10 0.991 0.009 86.900 0.000 0.000 5.000 10.000
2 20 10 0.989 0.011 96.900 0.000 0.000 5.000 10.000
2 20 10 0.989 0.011 98.600 0.000 0.000 5.000 10.000
2 20 10 0.988 0.012 98.200 0.000 0.000 5.000 10.000
2 20 10 0.990 0.010 93.800 0.000 0.000 5.000 10.000
2 20 10 0.991 0.009 98.000 0.000 0.000 5.000 10.000
2 20 10 0.990 0.010 91.800 0.000 0.000 5.000 10.000
2 20 10 0.990 0.010 90.800 0.000 0.000 5.000 10.000
2 20 10 0.988 0.012 98.800 0.000 0.000 5.000 10.000
2 20 10 0.990 0.010 96.100 0.000 0.000 5.000 10.000
2 20 10 0.990 0.010 98.400 0.000 0.000 5.000 10.000
2 20 10 0.991 0.009 97.000 0.000 0.000 5.000 10.000
2 20 10 0.988 0.012 96.400 0.000 0.000 5.000 10.000
2 20 10 0.989 0.011 99.000 0.000 0.000 5.000 10.000
2 20 10 0.989 0.011 97.400 0.000 0.000 5.000 10.000
2 20 10 0.990 0.010 93.300 0.000 0.000 5.000 10.000
2 20 10 0.989 0.011 98.000 0.000 0.000 5.000 10.000
2 20 10 0.990 0.010 93.800 0.000 0.000 5.000 10.000
2 20 10 0.989 0.011 97.800 0.000 0.000 5.000 10.000
2 20 10 0.989 0.011 96.400 0.000 0.000 5.000 10.000
2 20 10 0.990 0.010 97.400 0.000 0.000 5.000 10.000
2 20 10 0.989 0.011 96.900 0.000 0.000 5.000 10.000
2 20 10 0.990 0.010 97.900 0.000 0.000 5.000 10.000
2 20 10 0.989 0.011 96.100 0.000 0.000 5.000 10.000
2 20 10 0.990 0.010 98.100 0.000 0.000 5.000 10.000
2 20 10 0.991 0.009 97.800 0.000 0.000 5.000 10.000
2 20 10 0.990 0.010 92.600 0.000 0.000 5.000 10.000
2 20 10 0.991 0.009 98.400 0.000 0.000 5.000 10.000
2 20 10 0.989 0.011 96.000 0.000 0.000 5.000 10.000
2 20 10 0.990 0.010 94.100 0.000 0.000 5.000 10.000
2 20 10 0.990 0.010 98.900 0.000 0.000 5.000 10.000
2 20 10 0.989 0.011 96.000 0.000 0.000 5.000 10.000
2 20 10 0.990 0.010 96.600 0.000 0.000 5.000 10.000
2 20 10 0.989 0.011 91.800 0.000 0.000 5.000 10.000
2 20 10 0.990 0.010 95.000 0.000 0.000 5.000 10.000
2 20 10 0.990 0.010 97.000 0.000 0.000 5.000 10.000
2 20 10 0.991 0.009 97.100 0.000 0.000 5.000 10.000
2 20 10 0.990 0.010 98.000 0.000 0.000 5.000 10.000
2 20 10 0.989 0.011 95.600 0.000 0.000 5.000 10.000
2 20 10 0.989 0.011 94.600 0.000 0.000 5.000 10.000
2 20 10 0.988 0.012 93.100 0.000 0.000 5.000 10.000
2 20 10 0.989 0.011 97.800 0.000 0.000 5.000 10.000
2 20 10 0.989 0.011 98.200 0.000 0.000 5.000 10.000
2 20 10 0.989 0.011 95.800 0.000 0.000 5.000 10.000
2 20 10 0.988 0.012 97.600 0.000 0.000 5.000 10.000
2 20 10 0.990 0.010 98.500 0.000 0.000 5.000 10.000
2 20 10 0.989 0.011 96.600 0.000 0.000 5.000 10.000
2 20 10 0.990 0.010 93.100 0.000 0.000 5.000 10.000
2 20 10 0.990 0.010 93.300 0.000 0.000 5.000 10.000
2 20 10 0.991 0.009 97.400 0.000 0.000 5.000 10.000
2 20 10 0.990 0.010 95.400 0.000 0.000 5.000 10.000
2 20 10 0.990 0.010 95.000 0.000 0.000 5.000 10.000
2 20 10 0.990 0.010 96.700 0.000 0.000 5.000 10.000
2 20 10 0.990 0.010 97.000 0.000 0.000 5.000 10.000
2 20 10 0.990 0.010 98.200 0.000 0.000 5.000 10.000
2 20 10 0.990 0.010 95.400 0.000 0.000 5.000 10.000
2 20 10 0.992 0.008 65.700 0.000 0.000 5.000 10.000
2 20 10 0.989 0.011 96.000 0.000 0.000 5.000 10.000
2 20 10 0.991 0.009 84.400 0.000 0.000 5.000 10.000
2 20 10 0.991 0.009 82.700 0.000 0.000 5.000 10.000
2 20 10 0.992 0.008 64.100 0.000 0.000 5.000 10.000
2 20 10 0.990 0.010 97.200 0.000 0.000 5.000 10.000
2 20 10 0.990 0.010 97.100 0.000 0.000 5.000 10.000
2 20 10 0.990 0.010 93.000 0.000 0.000 5.000 10.000
2 25 13 0.989 0.011 94.500 0.000 0.000 4.000 13.000
2 25 13 0.989 0.011 95.500 0.000 0.000 4.000 13.000
2 25 13 0.990 0.010 97.250 0.000 0.000 4.000 13.000
2 25 13 0.989 0.011 98.250 0.000 0.000 4.000 13.000
2 25 13 0.990 0.010 98.000 0.000 0.000 4.000 13.000
2 25 13 0.990 0.010 89.750 0.000 0.000 4.000 13.000
2 25 13 0.990 0.010 98.500 0.000 0.000 4.000 13.000
2 25 13 0.990 0.010 97.500 0.000 0.000 4.000 13.000
2 25 13 0.990 0.010 96.875 0.000 0.000 4.000 13.000
2 25 13 0.989 0.011 95.250 0.000 0.000 4.000 13.000
2 25 13 0.989 0.011 95.875 0.000 0.000 4.000 13.000
2 25 13 0.988 0.012 98.250 0.000 0.000 4.000 13.000
2 25 13 0.989 0.011 98.750 0.000 0.000 4.000 13.000
2 25 13 0.990 0.010 98.000 0.000 0.000 4.000 13.000
2 25 13 0.989 0.011 98.000 0.000 0.000 4.000 13.000
2 25 13 0.990 0.010 96.625 0.000 0.000 4.000 13.000
2 25 13 0.989 0.011 96.375 0.000 0.000 4.000 13.000
2 25 13 0.989 0.011 94.750 0.000 0.000 4.000 13.000
2 25 13 0.991 0.009 71.125 0.000 0.000 4.000 13.000
2 25 13 0.989 0.011 97.625 0.000 0.000 4.000 13.000
2 25 13 0.990 0.010 97.750 0.000 0.000 4.000 13.000
2 25 13 0.987 0.013 92.875 0.000 0.000 4.000 13.000
2 25 13 0.989 0.011 98.500 0.000 0.000 4.000 13.000
2 25 13 0.989 0.011 97.500 0.000 0.000 4.000 13.000
2 25 13 0.989 0.011 96.500 0.000 0.000 4.000 13.000
2 25 13 0.989 0.011 97.750 0.000 0.000 4.000 13.000
2 25 13 0.990 0.010 93.375 0.000 0.000 4.000 13.000
2 25 13 0.989 0.011 89.625 0.000 0.000 4.000 13.000
2 25 13 0.989 0.011 96.750 0.000 0.000 4.000 13.000
2 25 13 0.988 0.012 95.250 0.000 0.000 4.000 13.000
2 25 13 0.991 0.009 87.250 0.000 0.000 4.000 13.000
2 25 13 0.990 0.010 94.750 0.000 0.000 4.000 13.000
2 25 13 0.987 0.013 97.125 0.000 0.000 4.000 13.000
2 25 13 0.989 0.011 98.250 0.000 0.000 4.000 13.000
2 25 13 0.989 0.011 98.750 0.000 0.000 4.000 13.000
2 25 13 0.989 0.011 99.250 0.000 0.000 4.000 13.000
2 25 13 0.990 0.010 90.500 0.000 0.000 4.000 13.000
2 25 13 0.990 0.010 98.250 0.000 0.000 4.000 13.000
2 25 13 0.989 0.011 97.500 0.000 0.000 4.000 13.000
2 25 13 0.986 0.014 99.000 0.000 0.000 4.000 13.000
2 25 13 0.988 0.012 95.500 0.000 0.000 4.000 13.000
2 25 13 0.989 0.011 93.500 0.000 0.000 4.000 13.000
2 25 13 0.990 0.010 88.000 0.000 0.000 4.000 13.000
2 25 13 0.988 0.012 98.250 0.000 0.000 4.000 13.000
2 25 13 0.989 0.011 95.000 0.000 0.000 4.000 13.000
2 25 13 0.918 0.082 7.750 0.000 0.000 4.000 13.000
2 25 13 0.989 0.011 95.750 0.000 0.000 4.000 13.000
2 25 13 0.989 0.011 99.250 0.000 0.000 4.000 13.000
2 25 13 0.990 0.010 90.500 0.000 0.000 4.000 13.000
2 25 13 0.989 0.011 97.500 0.000 0.000 4.000 13.000
2 25 13 0.989 0.011 95.750 0.000 0.000 4.000 13.000
2 25 13 0.990 0.010 98.500 0.000 0.000 4.000 13.000
2 25 13 0.988 0.012 98.000 0.000 0.000 4.000 13.000
2 25 13 0.989 0.011 90.625 0.000 0.000 4.000 13.000
2 25 13 0.990 0.010 96.250 0.000 0.000 4.000 13.000
2 25 13 0.990 0.010 99.000 0.000 0.000 4.000 13.000
2 25 13 0.988 0.012 95.500 0.000 0.000 4.000 13.000
2 25 13 0.990 0.010 97.500 0.000 0.000 4.000 13.000
2 25 13 0.989 0.011 96.750 0.000 0.000 4.000 13.000
2 25 13 0.990 0.010 96.000 0.000 0.000 4.000 13.000
2 25 13 0.991 0.009 89.125 0.000 0.000 4.000 13.000
2 25 13 0.990 0.010 95.500 0.000 0.000 4.000 13.000
2 25 13 0.990 0.010 93.625 0.000 0.000 4.000 13.000
2 25 13 0.990 0.010 97.375 0.000 0.000 4.000 13.000
2 25 13 0.990 0.010 95.250 0.000 0.000 4.000 13.000
2 25 13 0.989 0.011 96.250 0.000 0.000 4.000 13.000
2 25 13 0.989 0.011 98.500 0.000 0.000 4.000 13.000
2 25 13 0.988 0.012 96.500 0.000 0.000 4.000 13.000
2 25 13 0.989 0.011 99.000 0.000 0.000 4.000 13.000
2 25 13 0.989 0.011 96.000 0.000 0.000 4.000 13.000
2 25 13 0.991 0.009 78.250 0.000 0.000 4.000 13.000
2 25 13 0.991 0.009 80.750 0.000 0.000 4.000 13.000
2 25 13 0.989 0.011 91.500 0.000 0.000 4.000 13.000
2 25 13 0.990 0.010 98.500 0.000 0.000 4.000 13.000
2 25 13 0.877 0.123 6.375 0.000 0.000 4.000 13.000
2 25 13 0.989 0.011 99.000 0.000 0.000 4.000 13.000
2 25 13 0.990 0.010 97.875 0.000 0.000 4.000 13.000
2 25 13 0.989 0.011 96.500 0.000 0.000 4.000 13.000
2 25 13 0.989 0.011 98.125 0.000 0.000 4.000 13.000
2 25 13 0.935 0.065 11.625 0.000 0.000 4.000 13.000
2 25 13 0.987 0.013 98.875 0.000 0.000 4.000 13.000
2 25 13 0.990 0.010 96.750 0.000 0.000 4.000 13.000
2 25 13 0.989 0.011 98.125 0.000 0.000 4.000 13.000
2 25 13 0.989 0.011 95.625 0.000 0.000 4.000 13.000
2 25 13 0.989 0.011 93.125 0.000 0.000 4.000 13.000
2 25 13 0.990 0.010 96.750 0.000 0.000 4.000 13.000
2 25 13 0.989 0.011 94.125 0.000 0.000 4.000 13.000
2 25 13 0.989 0.011 99.000 0.000 0.000 4.000 13.000
2 25 13 0.989 0.011 86.250 0.000 0.000 4.000 13.000
2 25 13 0.989 0.011 98.000 0.000 0.000 4.000 13.000
2 25 13 0.988 0.012 95.375 0.000 0.000 4.000 13.000
2 25 13 0.989 0.011 95.375 0.000 0.000 4.000 13.000
2 25 13 0.991 0.009 95.500 0.000 0.000 4.000 13.000
2 25 13 0.990 0.010 94.375 0.000 0.000 4.000 13.000
2 25 13 0.991 0.009 93.250 0.000 0.000 4.000 13.000
2 25 13 0.990 0.010 90.500 0.000 0.000 4.000 13.000
2 25 13 0.989 0.011 96.500 0.000 0.000 4.000 13.000
2 25 13 0.989 0.011 99.250 0.000 0.000 4.000 13.000
2 25 13 0.989 0.011 98.500 0.000 0.000 4.000 13.000
2 25 13 0.991 0.009 97.625 0.000 0.000 4.000 13.000
2 40 20 0.952 0.048 5.800 0.000 0.000 3.000 20.000
2 40 20 0.805 0.195 9.400 0.000 0.000 3.000 20.000
2 40 20 0.989 0.011 94.600 0.000 0.000 3.000 20.000
2 40 20 0.990 0.010 94.000 0.000 0.000 3.000 20.000
2 40 20 0.876 0.124 6.600 0.000 0.000 3.000 20.000
2 40 20 0.980 0.020 17.400 0.000 0.000 3.000 20.000
2 40 20 0.900 0.100 4.800 0.000 0.000 3.000 20.000
2 40 20 0.778 0.222 2.000 0.000 0.000 3.000 20.000
2 40 20 0.972 0.028 17.000 0.000 0.000 3.000 20.000
2 40 20 0.985 0.015 94.600 0.000 0.000 3.000 20.000
2 40 20 0.876 0.124 4.400 0.000 0.000 3.000 20.000
2 40 20 0.988 0.012 98.800 0.000 0.000 3.000 20.000
2 40 20 0.990 0.010 14.400 0.000 0.000 3.000 20.000
2 40 20 0.989 0.011 93.600 0.000 0.000 3.000 20.000
2 40 20 0.861 0.139 3.000 0.000 0.000 3.000 20.000
2 40 20 0.724 0.276 0.000 0.000 0.000 3.000 20.000
2 40 20 0.909 0.091 17.800 0.000 0.000 3.000 20.000
2 40 20 0.987 0.013 94.400 0.000 0.000 3.000 20.000
2 40 20 0.972 0.028 21.200 0.000 0.000 3.000 20.000
2 40 20 0.877 0.123 18.400 0.000 0.000 3.000 20.000
2 40 20 0.990 0.010 94.800 0.000 0.000 3.000 20.000
2 40 20 0.988 0.012 99.000 0.000 0.000 3.000 20.000
2 40 20 0.986 0.014 94.800 0.000 0.000 3.000 20.000
2 40 20 0.712 0.288 1.000 0.000 0.000 3.000 20.000
2 40 20 0.926 0.074 18.000 0.000 0.000 3.000 20.000
2 40 20 0.758 0.242 2.600 0.000 0.000 3.000 20.000
2 40 20 0.990 0.010 3.800 0.000 0.000 3.000 20.000
2 40 20 0.748 0.252 3.600 0.000 0.000 3.000 20.000
2 40 20 0.990 0.010 21.000 0.000 0.000 3.000 20.000
2 40 20 0.900 0.100 6.600 0.000 0.000 3.000 20.000
2 40 20 0.990 0.010 3.000 0.000 0.000 3.000 20.000
2 40 20 0.989 0.011 92.400 0.000 0.000 3.000 20.000
2 40 20 0.796 0.204 3.200 0.000 0.000 3.000 20.000
2 40 20 0.987 0.013 97.400 0.000 0.000 3.000 20.000
2 40 20 0.989 0.011 98.800 0.000 0.000 3.000 20.000
2 40 20 0.847 0.153 14.000 0.000 0.000 3.000 20.000
2 40 20 0.767 0.233 4.400 0.000 0.000 3.000 20.000
2 40 20 0.758 0.242 3.000 0.000 0.000 3.000 20.000
2 40 20 0.841 0.159 3.000 0.000 0.000 3.000 20.000
2 40 20 0.980 0.020 4.600 0.000 0.000 3.000 20.000
2 40 20 0.934 0.066 6.600 0.000 0.000 3.000 20.000
2 40 20 0.986 0.014 97.600 0.000 0.000 3.000 20.000
2 40 20 0.961 0.039 19.600 0.000 0.000 3.000 20.000
2 40 20 0.892 0.108 7.000 0.000 0.000 3.000 20.000
2 40 20 0.989 0.011 97.000 0.000 0.000 3.000 20.000
2 40 20 0.989 0.011 97.400 0.000 0.000 3.000 20.000
2 40 20 0.985 0.015 93.600 0.000 0.000 3.000 20.000
2 40 20 0.990 0.010 21.400 0.000 0.000 3.000 20.000
2 40 20 0.861 0.139 3.600 0.000 0.000 3.000 20.000
2 40 20 0.870 0.130 13.400 0.000 0.000 3.000 20.000
2 40 20 0.892 0.108 8.000 0.000 0.000 3.000 20.000
2 40 20 0.861 0.139 1.000 0.000 0.000 3.000 20.000
2 40 20 0.819 0.181 2.200 0.000 0.000 3.000 20.000
2 40 20 0.794 0.206 15.000 0.000 0.000 3.000 20.000
2 40 20 0.826 0.174 3.600 0.000 0.000 3.000 20.000
2 40 20 0.980 0.020 8.600 0.000 0.000 3.000 20.000
2 40 20 0.935 0.065 21.200 0.000 0.000 3.000 20.000
2 40 20 0.752 0.248 1.800 0.000 0.000 3.000 20.000
2 40 20 0.938 0.062 3.600 0.000 0.000 3.000 20.000
2 40 20 0.926 0.074 24.400 0.000 0.000 3.000 20.000
2 40 20 0.988 0.012 97.400 0.000 0.000 3.000 20.000
2 40 20 0.989 0.011 95.400 0.000 0.000 3.000 20.000
2 40 20 0.792 0.208 4.600 0.000 0.000 3.000 20.000
2 40 20 0.987 0.013 88.000 0.000 0.000 3.000 20.000
2 40 20 0.917 0.083 2.800 0.000 0.000 3.000 20.000
2 40 20 0.991 0.009 73.000 0.000 0.000 3.000 20.000
2 40 20 0.846 0.154 5.000 0.000 0.000 3.000 20.000
2 40 20 0.818 0.182 4.000 0.000 0.000 3.000 20.000
2 40 20 0.779 0.221 1.800 0.000 0.000 3.000 20.000
2 40 20 0.988 0.012 98.200 0.000 0.000 3.000 20.000
2 40 20 0.989 0.011 98.600 0.000 0.000 3.000 20.000
2 40 20 0.989 0.011 99.200 0.000 0.000 3.000 20.000
2 40 20 0.764 0.236 3.200 0.000 0.000 3.000 20.000
2 40 20 0.702 0.298 1.400 0.000 0.000 3.000 20.000
2 40 20 0.754 0.246 3.000 0.000 0.000 3.000 20.000
2 40 20 0.989 0.011 88.600 0.000 0.000 3.000 20.000
2 40 20 0.989 0.011 98.000 0.000 0.000 3.000 20.000
2 40 20 0.990 0.010 96.400 0.000 0.000 3.000 20.000
2 40 20 0.839 0.161 4.400 0.000 0.000 3.000 20.000
2 40 20 0.961 0.039 12.000 0.000 0.000 3.000 20.000
2 40 20 0.839 0.161 3.200 0.000 0.000 3.000 20.000
2 40 20 0.889 0.111 3.000 0.000 0.000 3.000 20.000
2 40 20 0.987 0.013 98.600 0.000 0.000 3.000 20.000
2 40 20 0.819 0.181 14.200 0.000 0.000 3.000 20.000
2 40 20 0.990 0.010 13.400 0.000 0.000 3.000 20.000
2 40 20 0.826 0.174 15.800 0.000 0.000 3.000 20.000
2 40 20 0.770 0.230 1.000 0.000 0.000 3.000 20.000
2 40 20 0.843 0.157 2.400 0.000 0.000 3.000 20.000
2 40 20 0.775 0.225 3.200 0.000 0.000 3.000 20.000
2 40 20 0.837 0.163 0.600 0.000 0.000 3.000 20.000
2 40 20 0.768 0.232 3.000 0.000 0.000 3.000 20.000
2 40 20 0.750 0.250 5.000 0.000 0.000 3.000 20.000
2 40 20 0.832 0.168 3.200 0.000 0.000 3.000 20.000
2 40 20 0.988 0.012 93.600 0.000 0.000 3.000 20.000
2 40 20 0.893 0.107 15.600 0.000 0.000 3.000 20.000
2 40 20 0.990 0.010 85.400 0.000 0.000 3.000 20.000
2 40 20 0.987 0.013 90.000 0.000 0.000 3.000 20.000
2 40 20 0.695 0.305 2.200 0.000 0.000 3.000 20.000
2 40 20 0.953 0.047 18.200 0.000 0.000 3.000 20.000
2 40 20 0.990 0.010 55.400 0.000 0.000 3.000 20.000
2 50 25 0.733 0.267 6.750 0.000 0.000 2.000 25.000
2 50 25 0.830 0.170 6.000 0.000 0.000 2.000 25.000
2 50 25 0.672 0.328 9.250 0.000 0.000 2.000 25.000
2 50 25 0.877 0.123 20.750 0.000 0.000 2.000 25.000
2 50 25 0.813 0.187 5.000 0.000 0.000 2.000 25.000
2 50 25 0.776 0.224 5.000 0.000 0.000 2.000 25.000
2 50 25 0.941 0.059 8.000 0.000 0.000 2.000 25.000
2 50 25 0.982 0.018 99.000 0.000 0.000 2.000 25.000
2 50 25 0.770 0.230 7.000 0.000 0.000 2.000 25.000
2 50 25 0.679 0.321 4.750 0.000 0.000 2.000 25.000
2 50 25 0.724 0.276 5.000 0.000 0.000 2.000 25.000
2 50 25 0.645 0.355 4.500 0.000 0.000 2.000 25.000
2 50 25 0.987 0.013 89.250 0.000 0.000 2.000 25.000
2 50 25 0.829 0.171 12.000 0.000 0.000 2.000 25.000
2 50 25 0.823 0.177 3.000 0.000 0.000 2.000 25.000
2 50 25 0.627 0.373 5.000 0.000 0.000 2.000 25.000
2 50 25 0.885 0.115 19.750 0.000 0.000 2.000 25.000
2 50 25 0.663 0.337 5.500 0.000 0.000 2.000 25.000
2 50 25 0.877 0.123 34.250 0.000 0.000 2.000 25.000
2 50 25 0.870 0.130 23.750 0.000 0.000 2.000 25.000
2 50 25 0.705 0.295 3.500 0.000 0.000 2.000 25.000
2 50 25 0.735 0.265 4.000 0.000 0.000 2.000 25.000
2 50 25 0.604 0.396 3.000 0.000 0.000 2.000 25.000
2 50 25 0.734 0.266 8.500 0.000 0.000 2.000 25.000
2 50 25 0.615 0.385 2.500 0.000 0.000 2.000 25.000
2 50 25 0.690 0.310 4.000 0.000 0.000 2.000 25.000
2 50 25 0.721 0.279 8.000 0.000 0.000 2.000 25.000
2 50 25 0.762 0.238 3.000 0.000 0.000 2.000 25.000
2 50 25 0.655 0.345 7.000 0.000 0.000 2.000 25.000
2 50 25 0.698 0.302 4.000 0.000 0.000 2.000 25.000
2 50 25 0.884 0.116 6.250 0.000 0.000 2.000 25.000
2 50 25 0.724 0.276 12.000 0.000 0.000 2.000 25.000
2 50 25 0.737 0.263 7.000 0.000 0.000 2.000 25.000
2 50 25 0.978 0.022 21.500 0.000 0.000 2.000 25.000
2 50 25 0.663 0.337 2.500 0.000 0.000 2.000 25.000
2 50 25 0.762 0.238 4.000 0.000 0.000 2.000 25.000
2 50 25 0.865 0.135 7.250 0.000 0.000 2.000 25.000
2 50 25 0.714 0.286 7.250 0.000 0.000 2.000 25.000
2 50 25 0.806 0.194 17.000 0.000 0.000 2.000 25.000
2 50 25 0.723 0.277 2.750 0.000 0.000 2.000 25.000
2 50 25 0.634 0.366 4.000 0.000 0.000 2.000 25.000
2 50 25 0.707 0.293 5.000 0.000 0.000 2.000 25.000
2 50 25 0.819 0.181 9.500 0.000 0.000 2.000 25.000
2 50 25 0.649 0.351 5.000 0.000 0.000 2.000 25.000
2 50 25 0.649 0.351 6.000 0.000 0.000 2.000 25.000
2 50 25 0.762 0.238 3.000 0.000 0.000 2.000 25.000
2 50 25 0.750 0.250 14.000 0.000 0.000 2.000 25.000
2 50 25 0.898 0.102 6.000 0.000 0.000 2.000 25.000
2 50 25 0.987 0.013 72.000 0.000 0.000 2.000 25.000
2 50 25 0.884 0.116 13.250 0.000 0.000 2.000 25.000
2 50 25 0.759 0.241 6.000 0.000 0.000 2.000 25.000
2 50 25 0.684 0.316 4.000 0.000 0.000 2.000 25.000
2 50 25 0.674 0.326 1.500 0.000 0.000 2.000 25.000
2 50 25 0.788 0.212 5.250 0.000 0.000 2.000 25.000
2 50 25 0.835 0.165 9.500 0.000 0.000 2.000 25.000
2 50 25 0.986 0.014 86.250 0.000 0.000 2.000 25.000
2 50 25 0.885 0.115 17.500 0.000 0.000 2.000 25.000
2 50 25 0.652 0.348 3.000 0.000 0.000 2.000 25.000
2 50 25 0.588 0.412 5.000 0.000 0.000 2.000 25.000
2 50 25 0.882 0.118 5.000 0.000 0.000 2.000 25.000
2 50 25 0.900 0.100 6.500 0.000 0.000 2.000 25.000
2 50 25 0.829 0.171 6.500 0.000 0.000 2.000 25.000
2 50 25 0.695 0.305 3.000 0.000 0.000 2.000 25.000
2 50 25 0.788 0.212 29.750 0.000 0.000 2.000 25.000
2 50 25 0.845 0.155 11.500 0.000 0.000 2.000 25.000
2 50 25 0.759 0.241 3.000 0.000 0.000 2.000 25.000
2 50 25 0.906 0.094 26.000 0.000 0.000 2.000 25.000
2 50 25 0.802 0.198 4.750 0.000 0.000 2.000 25.000
2 50 25 0.697 0.303 1.500 0.000 0.000 2.000 25.000
2 50 25 0.706 0.294 2.000 0.000 0.000 2.000 25.000
2 50 25 0.916 0.084 37.750 0.000 0.000 2.000 25.000
2 50 25 0.847 0.153 19.750 0.000 0.000 2.000 25.000
2 50 25 0.761 0.239 4.000 0.000 0.000 2.000 25.000
2 50 25 0.639 0.361 5.000 0.000 0.000 2.000 25.000
2 50 25 0.752 0.248 7.000 0.000 0.000 2.000 25.000
2 50 25 0.989 0.011 38.750 0.000 0.000 2.000 25.000
2 50 25 0.754 0.246 14.500 0.000 0.000 2.000 25.000
2 50 25 0.779 0.221 4.500 0.000 0.000 2.000 25.000
2 50 25 0.708 0.292 6.000 0.000 0.000 2.000 25.000
2 50 25 0.595 0.405 1.500 0.000 0.000 2.000 25.000
2 50 25 0.791 0.209 8.500 0.000 0.000 2.000 25.000
2 50 25 0.832 0.168 12.500 0.000 0.000 2.000 25.000
2 50 25 0.990 0.010 65.750 0.000 0.000 2.000 25.000
2 50 25 0.785 0.215 6.500 0.000 0.000 2.000 25.000
2 50 25 0.707 0.293 7.500 0.000 0.000 2.000 25.000
2 50 25 0.884 0.116 25.000 0.000 0.000 2.000 25.000
2 50 25 0.778 0.222 8.000 0.000 0.000 2.000 25.000
2 50 25 0.826 0.174 19.000 0.000 0.000 2.000 25.000
2 50 25 0.714 0.286 5.500 0.000 0.000 2.000 25.000
2 50 25 0.682 0.318 2.500 0.000 0.000 2.000 25.000
2 50 25 0.991 0.009 31.250 0.000 0.000 2.000 25.000
2 50 25 0.832 0.168 21.500 0.000 0.000 2.000 25.000
2 50 25 0.764 0.236 23.250 0.000 0.000 2.000 25.000
2 50 25 0.575 0.425 5.250 0.000 0.000 2.000 25.000
2 50 25 0.818 0.182 5.500 0.000 0.000 2.000 25.000
2 50 25 0.826 0.174 24.500 0.000 0.000 2.000 25.000
2 50 25 0.726 0.274 4.500 0.000 0.000 2.000 25.000
2 50 25 0.677 0.323 2.000 0.000 0.000 2.000 25.000
2 50 25 0.613 0.387 5.000 0.000 0.000 2.000 25.000
2 50 25 0.795 0.205 5.250 0.000 0.000 2.000 25.000
2 66 33 0.161 0.839 31.333 0.000 0.000 2.000 33.000
2 66 33 0.242 0.758 45.333 0.000 0.000 2.000 33.000
2 66 33 0.060 0.940 45.333 0.000 0.000 2.000 33.000
2 66 33 0.206 0.794 54.333 0.000 0.000 2.000 33.000
2 66 33 0.097 0.903 73.667 0.000 0.000 2.000 33.000
2 66 33 0.245 0.755 16.000 0.000 0.000 2.000 33.000
2 66 33 0.044 0.956 57.000 0.000 0.000 2.000 33.000
2 66 33 0.211 0.789 73.667 0.000 0.000 2.000 33.000
2 66 33 0.080 0.920 26.667 0.000 0.000 2.000 33.000
2 66 33 0.047 0.953 96.333 0.000 0.000 2.000 33.000
2 66 33 0.297 0.703 11.000 0.000 0.000 2.000 33.000
2 66 33 0.202 0.798 34.000 0.000 0.000 2.000 33.000
2 66 33 0.190 0.810 18.000 0.000 0.000 2.000 33.000
2 66 33 0.035 0.965 73.667 0.000 0.000 2.000 33.000
2 66 33 0.081 0.919 18.667 0.000 0.000 2.000 33.000
2 66 33 0.103 0.897 88.000 0.000 0.000 2.000 33.000
2 66 33 0.293 0.707 21.000 0.000 0.000 2.000 33.000
2 66 33 0.028 0.972 77.667 0.000 0.000 2.000 33.000
2 66 33 0.029 0.971 82.000 0.000 0.000 2.000 33.000
2 66 33 0.033 0.967 56.667 0.000 0.000 2.000 33.000
2 66 33 0.281 0.719 2.667 0.000 0.000 2.000 33.000
2 66 33 0.029 0.971 78.000 0.000 0.000 2.000 33.000
2 66 33 0.271 0.729 70.667 0.000 0.000 2.000 33.000
2 66 33 0.251 0.749 45.333 0.000 0.000 2.000 33.000
2 66 33 0.260 0.740 9.000 0.000 0.000 2.000 33.000
2 66 33 0.042 0.958 48.667 0.000 0.000 2.000 33.000
2 66 33 0.030 0.970 44.000 0.000 0.000 2.000 33.000
2 66 33 0.203 0.797 39.000 0.000 0.000 2.000 33.000
2 66 33 0.030 0.970 42.667 0.000 0.000 2.000 33.000
2 66 33 0.195 0.805 23.000 0.000 0.000 2.000 33.000
2 66 33 0.250 0.750 15.667 0.000 0.000 2.000 33.000
2 66 33 0.180 0.820 54.000 0.000 0.000 2.000 33.000
2 66 33 0.037 0.963 47.000 0.000 0.000 2.000 33.000
2 66 33 0.173 0.827 42.333 0.000 0.000 2.000 33.000
2 66 33 0.180 0.820 33.333 0.000 0.000 2.000 33.000
2 66 33 0.063 0.937 98.000 0.000 0.000 2.000 33.000
2 66 33 0.156 0.844 34.667 0.000 0.000 2.000 33.000
2 66 33 0.016 0.984 24.000 0.000 0.000 2.000 33.000
2 66 33 0.031 0.969 81.333 0.000 0.000 2.000 33.000
2 66 33 0.164 0.836 14.333 0.000 0.000 2.000 33.000
2 66 33 0.036 0.964 90.000 0.000 0.000 2.000 33.000
2 66 33 0.202 0.798 26.333 0.000 0.000 2.000 33.000
2 66 33 0.021 0.979 26.000 0.000 0.000 2.000 33.000
2 66 33 0.087 0.913 38.667 0.000 0.000 2.000 33.000
2 66 33 0.233 0.767 20.667 0.000 0.000 2.000 33.000
2 66 33 0.195 0.805 11.000 0.000 0.000 2.000 33.000
2 66 33 0.232 0.768 21.000 0.000 0.000 2.000 33.000
2 66 33 0.243 0.757 7.333 0.000 0.000 2.000 33.000
2 66 33 0.283 0.717 19.000 0.000 0.000 2.000 33.000
2 66 33 0.283 0.717 22.333 0.000 0.000 2.000 33.000
2 66 33 0.286 0.714 6.333 0.000 0.000 2.000 33.000
2 66 33 0.023 0.977 48.667 0.000 0.000 2.000 33.000
2 66 33 0.026 0.974 59.000 0.000 0.000 2.000 33.000
2 66 33 0.091 0.909 23.000 0.000 0.000 2.000 33.000
2 66 33 0.234 0.766 13.333 0.000 0.000 2.000 33.000
2 66 33 0.170 0.830 19.333 0.000 0.000 2.000 33.000
2 66 33 0.170 0.830 50.333 0.000 0.000 2.000 33.000
2 66 33 0.281 0.719 38.000 0.000 0.000 2.000 33.000
2 66 33 0.190 0.810 51.667 0.000 0.000 2.000 33.000
2 66 33 0.052 0.948 74.667 0.000 0.000 2.000 33.000
2 66 33 0.167 0.833 16.000 0.000 0.000 2.000 33.000
2 66 33 0.048 0.952 47.333 0.000 0.000 2.000 33.000
2 66 33 0.028 0.972 45.333 0.000 0.000 2.000 33.000
2 66 33 0.286 0.714 4.000 0.000 0.000 2.000 33.000
2 66 33 0.098 0.902 40.000 0.000 0.000 2.000 33.000
2 66 33 0.222 0.778 37.333 0.000 0.000 2.000 33.000
2 66 33 0.166 0.834 54.333 0.000 0.000 2.000 33.000
2 66 33 0.124 0.876 41.667 0.000 0.000 2.000 33.000
2 66 33 0.190 0.810 20.333 0.000 0.000 2.000 33.000
2 66 33 0.104 0.896 27.667 0.000 0.000 2.000 33.000
2 66 33 0.182 0.818 23.667 0.000 0.000 2.000 33.000
2 66 33 0.030 0.970 39.000 0.000 0.000 2.000 33.000
2 66 33 0.246 0.754 42.667 0.000 0.000 2.000 33.000
2 66 33 0.049 0.951 44.000 0.000 0.000 2.000 33.000
2 66 33 0.223 0.777 2.333 0.000 0.000 2.000 33.000
2 66 33 0.252 0.748 63.667 0.000 0.000 2.000 33.000
2 66 33 0.022 0.978 42.333 0.000 0.000 2.000 33.000
2 66 33 0.021 0.979 69.333 0.000 0.000 2.000 33.000
2 66 33 0.273 0.727 24.333 0.000 0.000 2.000 33.000
2 66 33 0.166 0.834 42.000 0.000 0.000 2.000 33.000
2 66 33 0.235 0.765 21.667 0.000 0.000 2.000 33.000
2 66 33 0.216 0.784 52.333 0.000 0.000 2.000 33.000
2 66 33 0.231 0.769 9.000 0.000 0.000 2.000 33.000
2 66 33 0.030 0.970 55.667 0.000 0.000 2.000 33.000
2 66 33 0.134 0.866 15.000 0.000 0.000 2.000 33.000
2 66 33 0.142 0.858 35.667 0.000 0.000 2.000 33.000
2 66 33 0.078 0.922 28.000 0.000 0.000 2.000 33.000
2 66 33 0.135 0.865 52.667 0.000 0.000 2.000 33.000
2 66 33 0.197 0.803 39.333 0.000 0.000 2.000 33.000
2 66 33 0.157 0.843 24.667 0.000 0.000 2.000 33.000
2 66 33 0.220 0.780 16.667 0.000 0.000 2.000 33.000
2 66 33 0.042 0.958 57.333 0.000 0.000 2.000 33.000
2 66 33 0.199 0.801 34.333 0.000 0.000 2.000 33.000
2 66 33 0.051 0.949 98.000 0.000 0.000 2.000 33.000
2 66 33 0.163 0.837 46.667 0.000 0.000 2.000 33.000
2 66 33 0.046 0.954 55.333 0.000 0.000 2.000 33.000
2 66 33 0.062 0.938 16.333 0.000 0.000 2.000 33.000
2 66 33 0.315 0.685 7.000 0.000 0.000 2.000 33.000
2 66 33 0.242 0.758 13.667 0.000 0.000 2.000 33.000
2 66 33 0.229 0.771 15.667 0.000 0.000 2.000 33.000
2 100 50 0.000 1.000 0.000 0.000 0.000 1.000 50.000
2 100 50 0.000 1.000 0.000 0.000 0.000 1.000 50.000
2 100 50 0.000 1.000 0.000 0.000 0.000 1.000 50.000
2 100 50 0.000 1.000 0.000 0.000 0.000 1.000 50.000
2 100 50 0.000 1.000 0.000 0.000 0.000 1.000 50.000
2 100 50 0.000 1.000 0.000 0.000 0.000 1.000 50.000
2 100 50 0.000 1.000 0.000 0.000 0.000 1.000 50.000
2 100 50 0.000 1.000 0.000 0.000 0.000 1.000 50.000
2 100 50 0.000 1.000 1.000 0.000 0.000 1.000 50.000
2 100 50 0.000 1.000 0.000 0.000 0.000 1.000 50.000
2 100 50 0.000 1.000 0.000 0.000 0.000 1.000 50.000
2 100 50 0.000 1.000 0.000 0.000 0.000 1.000 50.000
2 100 50 0.002 0.998 17.500 0.000 0.000 1.000 50.000
2 100 50 0.000 1.000 0.000 0.000 0.000 1.000 50.000
2 100 50 0.000 1.000 0.000 0.000 0.000 1.000 50.000
2 100 50 0.000 1.000 0.000 0.000 0.000 1.000 50.000
2 100 50 0.000 1.000 0.000 0.000 0.000 1.000 50.000
2 100 50 0.000 1.000 3.000 0.000 0.000 1.000 50.000
2 100 50 0.000 1.000 0.000 0.000 0.000 1.000 50.000
2 100 50 0.000 1.000 0.000 0.000 0.000 1.000 50.000
2 100 50 0.001 0.999 6.000 0.000 0.000 1.000 50.000
2 100 50 0.000 1.000 0.000 0.000 0.000 1.000 50.000
2 100 50 0.000 1.000 0.000 0.000 0.000 1.000 50.000
2 100 50 0.000 1.000 0.500 0.000 0.000 1.000 50.000
2 100 50 0.000 1.000 2.000 0.000 0.000 1.000 50.000
2 100 50 0.000 1.000 0.000 0.000 0.000 1.000 50.000
2 100 50 0.000 1.000 1.000 0.000 0.000 1.000 50.000
2 100 50 0.000 1.000 0.000 0.000 0.000 1.000 50.000
2 100 50 0.000 1.000 0.000 0.000 0.000 1.000 50.000
2 100 50 0.000 1.000 0.000 0.000 0.000 1.000 50.000
2 100 50 0.000 1.000 0.000 0.000 0.000 1.000 50.000
2 100 50 0.000 1.000 0.000 0.000 0.000 1.000 50.000
2 100 50 0.000 1.000 0.000 0.000 0.000 1.000 50.000
2 100 50 0.000 1.000 0.000 0.000 0.000 1.000 50.000
2 100 50 0.000 1.000 1.000 0.000 0.000 1.000 50.000
2 100 50 0.000 1.000 0.000 0.000 0.000 1.000 50.000
2 100 50 0.000 1.000 0.000 0.000 0.000 1.000 50.000
2 100 50 0.000 1.000 1.000 0.000 0.000 1.000 50.000
2 100 50 0.000 1.000 0.000 0.000 0.000 1.000 50.000
2 100 50 0.000 1.000 0.000 0.000 0.000 1.000 50.000
2 100 50 0.000 1.000 0.000 0.000 0.000 1.000 50.000
2 100 50 0.000 1.000 0.000 0.000 0.000 1.000 50.000
2 100 50 0.000 1.000 1.000 0.000 0.000 1.000 50.000
2 100 50 0.000 1.000 4.000 0.000 0.000 1.000 50.000
2 100 50 0.000 1.000 0.000 0.000 0.000 1.000 50.000
2 100 50 0.009 0.991 37.500 0.000 0.000 1.000 50.000
2 100 50 0.000 1.000 0.000 0.000 0.000 1.000 50.000
2 100 50 0.000 1.000 0.000 0.000 0.000 1.000 50.000
2 100 50 0.000 1.000 1.000 0.000 0.000 1.000 50.000
2 100 50 0.000 1.000 0.000 0.000 0.000 1.000 50.000
2 100 50 0.000 1.000 1.000 0.000 0.000 1.000 50.000
2 100 50 0.000 1.000 0.000 0.000 0.000 1.000 50.000
2 100 50 0.000 1.000 0.000 0.000 0.000 1.000 50.000
2 100 50 0.000 1.000 0.000 0.000 0.000 1.000 50.000
2 100 50 0.000 1.000 4.000 0.000 0.000 1.000 50.000
2 100 50 0.000 1.000 0.000 0.000 0.000 1.000 50.000
2 100 50 0.000 1.000 0.000 0.000 0.000 1.000 50.000
2 100 50 0.000 1.000 0.000 0.000 0.000 1.000 50.000
2 100 50 0.000 1.000 0.000 0.000 0.000 1.000 50.000
2 100 50 0.000 1.000 0.000 0.000 0.000 1.000 50.000
2 100 50 0.000 1.000 0.000 0.000 0.000 1.000 50.000
2 100 50 0.000 1.000 0.000 0.000 0.000 1.000 50.000
2 100 50 0.000 1.000 0.000 0.000 0.000 1.000 50.000
2 100 50 0.000 1.000 0.000 0.000 0.000 1.000 50.000
2 100 50 0.000 1.000 2.000 0.000 0.000 1.000 50.000
2 100 50 0.000 1.000 0.000 0.000 0.000 1.000 50.000
2 100 50 0.000 1.000 0.000 0.000 0.000 1.000 50.000
2 100 50 0.000 1.000 0.000 0.000 0.000 1.000 50.000
2 100 50 0.001 0.999 12.000 0.000 0.000 1.000 50.000
2 100 50 0.000 1.000 0.000 0.000 0.000 1.000 50.000
2 100 50 0.000 1.000 0.000 0.000 0.000 1.000 50.000
2 100 50 0.000 1.000 0.000 0.000 0.000 1.000 50.000
2 100 50 0.000 1.000 0.000 0.000 0.000 1.000 50.000
2 100 50 0.000 1.000 0.000 0.000 0.000 1.000 50.000
2 100 50 0.001 0.999 6.000 0.000 0.000 1.000 50.000
2 100 50 0.010 0.990 49.000 0.000 0.000 1.000 50.000
2 100 50 0.000 1.000 0.000 0.000 0.000 1.000 50.000
2 100 50 0.000 1.000 4.000 0.000 0.000 1.000 50.000
2 100 50 0.000 1.000 1.000 0.000 0.000 1.000 50.000
2 100 50 0.000 1.000 2.000 0.000 0.000 1.000 50.000
2 100 50 0.000 1.000 0.000 0.000 0.000 1.000 50.000
2 100 50 0.000 1.000 2.000 0.000 0.000 1.000 50.000
2 100 50 0.000 1.000 0.000 0.000 0.000 1.000 50.000
2 100 50 0.000 1.000 0.000 0.000 0.000 1.000 50.000
2 100 50 0.000 1.000 0.000 0.000 0.000 1.000 50.000
2 100 50 0.000 1.000 0.000 0.000 0.000 1.000 50.000
2 100 50 0.000 1.000 0.000 0.000 0.000 1.000 50.000
2 100 50 0.000 1.000 0.000 0.000 0.000 1.000 50.000
2 100 50 0.000 1.000 0.000 0.000 0.000 1.000 50.000
2 100 50 0.000 1.000 0.000 0.000 0.000 1.000 50.000
2 100 50 0.000 1.000 0.000 0.000 0.000 1.000 50.000
2 100 50 0.001 0.999 6.000 0.000 0.000 1.000 50.000
2 100 50 0.000 1.000 0.000 0.000 0.000 1.000 50.000
2 100 50 0.001 0.999 6.000 0.000 0.000 1.000 50.000
2 100 50 0.000 1.000 0.000 0.000 0.000 1.000 50.000
2 100 50 0.000 1.000 0.000 0.000 0.000 1.000 50.000
2 100 50 0.000 1.000 5.000 0.000 0.000 1.000 50.000
2 100 50 0.000 1.000 1.000 0.000 0.000 1.000 50.000
2 100 50 0.000 1.000 0.000 0.000 0.000 1.000 50.000
2 100 50 0.000 1.000 0.000 0.000 0.000 1.000 50.000